S 243 1215 14 15
F 4 2 -1
E 0 1 201
E 0 2 204
E 1 2 106
E 0 3 201
E 1 4 104
E 3 4 101
E 2 5 103
E 3 5 108
E 4 5 105
E 0 6 201
E 3 6 103
E 1 7 110
E 4 7 103
E 6 7 105
E 2 8 110
E 5 8 106
E 6 8 101
E 7 8 110
E 0 9 202
E 1 10 104
E 9 10 105
E 2 11 109
E 9 11 101
E 10 11 102
E 3 12 109
E 9 12 107
E 4 13 107
E 10 13 106
E 12 13 110
E 5 14 210
E 11 14 206
E 12 14 207
E 13 14 203
E 6 15 103
E 9 15 108
E 12 15 110
E 7 16 105
E 10 16 104
E 13 16 110
E 15 16 110
E 8 17 103
E 11 17 103
E 14 17 203
E 15 17 104
E 16 17 110
E 0 18 202
E 9 18 104
E 1 19 104
E 10 19 104
E 18 19 108
E 2 20 107
E 11 20 109
E 18 20 102
E 19 20 101
E 3 21 109
E 12 21 109
E 18 21 101
E 4 22 106
E 13 22 106
E 19 22 103
E 21 22 102
E 5 23 110
E 14 23 206
E 20 23 101
E 21 23 102
E 22 23 109
E 6 24 106
E 15 24 107
E 18 24 110
E 21 24 102
E 7 25 203
E 16 25 201
E 19 25 201
E 22 25 202
E 24 25 206
E 8 26 108
E 17 26 102
E 20 26 103
E 23 26 104
E 24 26 106
E 25 26 201
E 0 27 209
E 1 28 107
E 27 28 104
E 2 29 107
E 27 29 109
E 28 29 105
E 3 30 108
E 27 30 104
E 4 31 109
E 28 31 107
E 30 31 107
E 5 32 208
E 29 32 201
E 30 32 209
E 31 32 207
E 6 33 103
E 27 33 106
E 30 33 108
E 7 34 107
E 28 34 102
E 31 34 101
E 33 34 108
E 8 35 105
E 29 35 110
E 32 35 204
E 33 35 103
E 34 35 110
E 9 36 104
E 27 36 101
E 10 37 109
E 28 37 108
E 36 37 105
E 11 38 103
E 29 38 106
E 36 38 101
E 37 38 108
E 12 39 109
E 30 39 101
E 36 39 110
E 13 40 101
E 31 40 109
E 37 40 107
E 39 40 108
E 14 41 208
E 32 41 203
E 38 41 102
E 39 41 109
E 40 41 101
E 15 42 102
E 33 42 101
E 36 42 104
E 39 42 108
E 16 43 208
E 34 43 203
E 37 43 205
E 40 43 209
E 42 43 203
E 17 44 104
E 35 44 102
E 38 44 104
E 41 44 107
E 42 44 101
E 43 44 206
E 18 45 207
E 27 45 205
E 36 45 206
E 19 46 107
E 28 46 110
E 37 46 104
E 45 46 202
E 20 47 102
E 29 47 109
E 38 47 105
E 45 47 204
E 46 47 102
E 21 48 106
E 30 48 103
E 39 48 107
E 45 48 203
E 22 49 110
E 31 49 105
E 40 49 109
E 46 49 106
E 48 49 110
E 23 50 109
E 32 50 209
E 41 50 103
E 47 50 105
E 48 50 109
E 49 50 104
E 24 51 108
E 33 51 104
E 42 51 109
E 45 51 204
E 48 51 105
E 25 52 207
E 34 52 109
E 43 52 206
E 46 52 110
E 49 52 108
E 51 52 101
E 26 53 107
E 35 53 103
E 44 53 103
E 47 53 107
E 50 53 110
E 51 53 106
E 52 53 104
E 0 54 202
E 27 54 105
E 1 55 107
E 28 55 104
E 54 55 102
E 2 56 106
E 29 56 105
E 54 56 108
E 55 56 104
E 3 57 105
E 30 57 105
E 54 57 104
E 4 58 101
E 31 58 101
E 55 58 105
E 57 58 104
E 5 59 210
E 32 59 307
E 56 59 210
E 57 59 208
E 58 59 203
E 6 60 105
E 33 60 109
E 54 60 110
E 57 60 108
E 7 61 108
E 34 61 103
E 55 61 103
E 58 61 105
E 60 61 108
E 8 62 106
E 35 62 103
E 56 62 106
E 59 62 204
E 60 62 109
E 61 62 103
E 9 63 109
E 36 63 107
E 54 63 104
E 10 64 203
E 37 64 206
E 55 64 203
E 63 64 203
E 11 65 103
E 38 65 110
E 56 65 104
E 63 65 107
E 64 65 207
E 12 66 109
E 39 66 101
E 57 66 109
E 63 66 103
E 13 67 107
E 40 67 102
E 58 67 101
E 64 67 202
E 66 67 102
E 14 68 210
E 41 68 106
E 59 68 202
E 65 68 108
E 66 68 101
E 67 68 110
E 15 69 108
E 42 69 109
E 60 69 101
E 63 69 109
E 66 69 103
E 16 70 103
E 43 70 203
E 61 70 109
E 64 70 208
E 67 70 106
E 69 70 107
E 17 71 103
E 44 71 107
E 62 71 109
E 65 71 101
E 68 71 105
E 69 71 102
E 70 71 104
E 18 72 104
E 45 72 205
E 54 72 101
E 63 72 107
E 19 73 109
E 46 73 105
E 55 73 109
E 64 73 201
E 72 73 104
E 20 74 107
E 47 74 110
E 56 74 104
E 65 74 102
E 72 74 101
E 73 74 108
E 21 75 101
E 48 75 104
E 57 75 102
E 66 75 107
E 72 75 101
E 22 76 104
E 49 76 107
E 58 76 101
E 67 76 108
E 73 76 107
E 75 76 110
E 23 77 102
E 50 77 108
E 59 77 207
E 68 77 105
E 74 77 105
E 75 77 105
E 76 77 109
E 24 78 207
E 51 78 203
E 60 78 205
E 69 78 207
E 72 78 208
E 75 78 203
E 25 79 203
E 52 79 110
E 61 79 108
E 70 79 109
E 73 79 106
E 76 79 103
E 78 79 209
E 26 80 102
E 53 80 106
E 62 80 107
E 71 80 106
E 74 80 103
E 77 80 101
E 78 80 204
E 79 80 105
E 0 81 208
E 1 82 105
E 81 82 101
E 2 83 105
E 81 83 105
E 82 83 101
E 3 84 101
E 81 84 101
E 4 85 102
E 82 85 104
E 84 85 106
E 5 86 101
E 83 86 101
E 84 86 105
E 85 86 105
E 6 87 101
E 81 87 102
E 84 87 101
E 7 88 102
E 82 88 102
E 85 88 108
E 87 88 105
E 8 89 206
E 83 89 208
E 86 89 202
E 87 89 202
E 88 89 207
E 9 90 108
E 81 90 105
E 10 91 203
E 82 91 205
E 90 91 210
E 11 92 109
E 83 92 105
E 90 92 104
E 91 92 208
E 12 93 106
E 84 93 103
E 90 93 102
E 13 94 103
E 85 94 109
E 91 94 206
E 93 94 110
E 14 95 205
E 86 95 106
E 92 95 109
E 93 95 107
E 94 95 101
E 15 96 105
E 87 96 105
E 90 96 108
E 93 96 106
E 16 97 107
E 88 97 108
E 91 97 201
E 94 97 107
E 96 97 102
E 17 98 108
E 89 98 205
E 92 98 104
E 95 98 105
E 96 98 110
E 97 98 104
E 18 99 108
E 81 99 107
E 90 99 109
E 19 100 105
E 82 100 102
E 91 100 204
E 99 100 101
E 20 101 101
E 83 101 110
E 92 101 110
E 99 101 107
E 100 101 101
E 21 102 206
E 84 102 204
E 93 102 205
E 99 102 202
E 22 103 110
E 85 103 110
E 94 103 108
E 100 103 101
E 102 103 202
E 23 104 109
E 86 104 107
E 95 104 108
E 101 104 110
E 102 104 202
E 103 104 106
E 24 105 110
E 87 105 109
E 96 105 108
E 99 105 108
E 102 105 209
E 25 106 206
E 88 106 108
E 97 106 110
E 100 106 106
E 103 106 110
E 105 106 101
E 26 107 108
E 89 107 210
E 98 107 102
E 101 107 105
E 104 107 105
E 105 107 103
E 106 107 107
E 27 108 108
E 81 108 108
E 28 109 202
E 82 109 207
E 108 109 205
E 29 110 108
E 83 110 103
E 108 110 107
E 109 110 204
E 30 111 104
E 84 111 107
E 108 111 107
E 31 112 106
E 85 112 104
E 109 112 203
E 111 112 110
E 32 113 208
E 86 113 103
E 110 113 103
E 111 113 109
E 112 113 104
E 33 114 103
E 87 114 107
E 108 114 108
E 111 114 102
E 34 115 102
E 88 115 102
E 109 115 209
E 112 115 101
E 114 115 105
E 35 116 109
E 89 116 207
E 110 116 109
E 113 116 107
E 114 116 109
E 115 116 110
E 36 117 109
E 90 117 104
E 108 117 110
E 37 118 110
E 91 118 201
E 109 118 205
E 117 118 103
E 38 119 102
E 92 119 103
E 110 119 101
E 117 119 109
E 118 119 101
E 39 120 204
E 93 120 203
E 111 120 205
E 117 120 205
E 40 121 105
E 94 121 102
E 112 121 109
E 118 121 107
E 120 121 209
E 41 122 107
E 95 122 101
E 113 122 103
E 119 122 102
E 120 122 205
E 121 122 102
E 42 123 110
E 96 123 101
E 114 123 103
E 117 123 104
E 120 123 201
E 43 124 210
E 97 124 108
E 115 124 108
E 118 124 103
E 121 124 110
E 123 124 108
E 44 125 109
E 98 125 104
E 116 125 107
E 119 125 108
E 122 125 109
E 123 125 104
E 124 125 108
E 45 126 203
E 99 126 105
E 108 126 103
E 117 126 106
E 46 127 102
E 100 127 108
E 109 127 207
E 118 127 102
E 126 127 108
E 47 128 105
E 101 128 107
E 110 128 105
E 119 128 105
E 126 128 104
E 127 128 103
E 48 129 104
E 102 129 209
E 111 129 103
E 120 129 208
E 126 129 105
E 49 130 106
E 103 130 105
E 112 130 109
E 121 130 105
E 127 130 103
E 129 130 108
E 50 131 103
E 104 131 104
E 113 131 104
E 122 131 103
E 128 131 105
E 129 131 104
E 130 131 101
E 51 132 102
E 105 132 108
E 114 132 109
E 123 132 106
E 126 132 102
E 129 132 103
E 52 133 102
E 106 133 101
E 115 133 102
E 124 133 106
E 127 133 104
E 130 133 107
E 132 133 110
E 53 134 208
E 107 134 209
E 116 134 209
E 125 134 203
E 128 134 202
E 131 134 202
E 132 134 210
E 133 134 206
E 54 135 206
E 81 135 203
E 108 135 204
E 55 136 101
E 82 136 107
E 109 136 207
E 135 136 207
E 56 137 107
E 83 137 108
E 110 137 107
E 135 137 202
E 136 137 109
E 57 138 105
E 84 138 105
E 111 138 105
E 135 138 203
E 58 139 105
E 85 139 101
E 112 139 109
E 136 139 104
E 138 139 105
E 59 140 202
E 86 140 108
E 113 140 105
E 137 140 106
E 138 140 106
E 139 140 107
E 60 141 105
E 87 141 105
E 114 141 108
E 135 141 204
E 138 141 107
E 61 142 106
E 88 142 108
E 115 142 104
E 136 142 105
E 139 142 107
E 141 142 106
E 62 143 104
E 89 143 206
E 116 143 110
E 137 143 107
E 140 143 105
E 141 143 106
E 142 143 105
E 63 144 109
E 90 144 107
E 117 144 109
E 135 144 209
E 64 145 209
E 91 145 205
E 118 145 101
E 136 145 101
E 144 145 105
E 65 146 106
E 92 146 102
E 119 146 108
E 137 146 101
E 144 146 104
E 145 146 105
E 66 147 101
E 93 147 108
E 120 147 205
E 138 147 102
E 144 147 102
E 67 148 104
E 94 148 101
E 121 148 101
E 139 148 108
E 145 148 105
E 147 148 103
E 68 149 105
E 95 149 109
E 122 149 110
E 140 149 110
E 146 149 101
E 147 149 103
E 148 149 108
E 69 150 104
E 96 150 104
E 123 150 101
E 141 150 106
E 144 150 105
E 147 150 105
E 70 151 110
E 97 151 103
E 124 151 101
E 142 151 107
E 145 151 110
E 148 151 106
E 150 151 102
E 71 152 208
E 98 152 206
E 125 152 210
E 143 152 210
E 146 152 208
E 149 152 210
E 150 152 205
E 151 152 210
E 72 153 101
E 99 153 108
E 126 153 109
E 135 153 202
E 144 153 103
E 73 154 102
E 100 154 107
E 127 154 107
E 136 154 105
E 145 154 106
E 153 154 104
E 74 155 106
E 101 155 103
E 128 155 102
E 137 155 107
E 146 155 101
E 153 155 103
E 154 155 103
E 75 156 102
E 102 156 210
E 129 156 107
E 138 156 105
E 147 156 106
E 153 156 102
E 76 157 201
E 103 157 207
E 130 157 202
E 139 157 208
E 148 157 205
E 154 157 208
E 156 157 208
E 77 158 104
E 104 158 102
E 131 158 107
E 140 158 101
E 149 158 106
E 155 158 106
E 156 158 108
E 157 158 208
E 78 159 208
E 105 159 104
E 132 159 110
E 141 159 103
E 150 159 106
E 153 159 102
E 156 159 109
E 79 160 101
E 106 160 109
E 133 160 103
E 142 160 105
E 151 160 101
E 154 160 102
E 157 160 202
E 159 160 102
E 80 161 110
E 107 161 102
E 134 161 210
E 143 161 102
E 152 161 207
E 155 161 106
E 158 161 110
E 159 161 107
E 160 161 102
E 0 162 201
E 81 162 109
E 1 163 104
E 82 163 109
E 162 163 108
E 2 164 106
E 83 164 101
E 162 164 103
E 163 164 102
E 3 165 105
E 84 165 110
E 162 165 105
E 4 166 208
E 85 166 206
E 163 166 205
E 165 166 203
E 5 167 103
E 86 167 110
E 164 167 108
E 165 167 101
E 166 167 205
E 6 168 102
E 87 168 110
E 162 168 101
E 165 168 106
E 7 169 106
E 88 169 104
E 163 169 105
E 166 169 204
E 168 169 102
E 8 170 105
E 89 170 208
E 164 170 104
E 167 170 110
E 168 170 102
E 169 170 106
E 9 171 104
E 90 171 102
E 162 171 101
E 10 172 102
E 91 172 204
E 163 172 110
E 171 172 102
E 11 173 103
E 92 173 106
E 164 173 101
E 171 173 101
E 172 173 104
E 12 174 109
E 93 174 109
E 165 174 103
E 171 174 110
E 13 175 108
E 94 175 105
E 166 175 202
E 172 175 106
E 174 175 106
E 14 176 203
E 95 176 109
E 167 176 102
E 173 176 103
E 174 176 103
E 175 176 101
E 15 177 203
E 96 177 209
E 168 177 202
E 171 177 202
E 174 177 201
E 16 178 106
E 97 178 101
E 169 178 105
E 172 178 106
E 175 178 101
E 177 178 208
E 17 179 110
E 98 179 107
E 170 179 108
E 173 179 103
E 176 179 109
E 177 179 209
E 178 179 103
E 18 180 109
E 99 180 102
E 162 180 107
E 171 180 103
E 19 181 105
E 100 181 109
E 163 181 102
E 172 181 110
E 180 181 108
E 20 182 205
E 101 182 209
E 164 182 204
E 173 182 206
E 180 182 201
E 181 182 209
E 21 183 102
E 102 183 205
E 165 183 102
E 174 183 104
E 180 183 104
E 22 184 101
E 103 184 108
E 166 184 206
E 175 184 108
E 181 184 109
E 183 184 104
E 23 185 109
E 104 185 109
E 167 185 104
E 176 185 101
E 182 185 202
E 183 185 110
E 184 185 105
E 24 186 102
E 105 186 105
E 168 186 110
E 177 186 201
E 180 186 104
E 183 186 105
E 25 187 207
E 106 187 108
E 169 187 104
E 178 187 108
E 181 187 104
E 184 187 104
E 186 187 110
E 26 188 105
E 107 188 107
E 170 188 109
E 179 188 109
E 182 188 202
E 185 188 101
E 186 188 107
E 187 188 110
E 27 189 107
E 108 189 104
E 162 189 106
E 28 190 107
E 109 190 208
E 163 190 110
E 189 190 110
E 29 191 105
E 110 191 105
E 164 191 103
E 189 191 101
E 190 191 105
E 30 192 108
E 111 192 102
E 165 192 110
E 189 192 106
E 31 193 109
E 112 193 104
E 166 193 205
E 190 193 108
E 192 193 104
E 32 194 208
E 113 194 101
E 167 194 110
E 191 194 105
E 192 194 106
E 193 194 108
E 33 195 201
E 114 195 206
E 168 195 205
E 189 195 201
E 192 195 205
E 34 196 107
E 115 196 106
E 169 196 107
E 190 196 104
E 193 196 108
E 195 196 205
E 35 197 104
E 116 197 110
E 170 197 105
E 191 197 102
E 194 197 110
E 195 197 206
E 196 197 110
E 36 198 101
E 117 198 101
E 171 198 101
E 189 198 103
E 37 199 106
E 118 199 101
E 172 199 107
E 190 199 101
E 198 199 103
E 38 200 210
E 119 200 205
E 173 200 204
E 191 200 203
E 198 200 204
E 199 200 204
E 39 201 101
E 120 201 201
E 174 201 101
E 192 201 108
E 198 201 102
E 40 202 103
E 121 202 103
E 175 202 101
E 193 202 109
E 199 202 109
E 201 202 106
E 41 203 102
E 122 203 106
E 176 203 106
E 194 203 109
E 200 203 202
E 201 203 108
E 202 203 102
E 42 204 109
E 123 204 103
E 177 204 203
E 195 204 207
E 198 204 109
E 201 204 105
E 43 205 202
E 124 205 105
E 178 205 110
E 196 205 101
E 199 205 104
E 202 205 102
E 204 205 104
E 44 206 104
E 125 206 104
E 179 206 104
E 197 206 101
E 200 206 201
E 203 206 105
E 204 206 110
E 205 206 109
E 45 207 206
E 126 207 109
E 180 207 104
E 189 207 110
E 198 207 104
E 46 208 108
E 127 208 106
E 181 208 102
E 190 208 101
E 199 208 105
E 207 208 107
E 47 209 103
E 128 209 110
E 182 209 208
E 191 209 106
E 200 209 208
E 207 209 102
E 208 209 103
E 48 210 109
E 129 210 102
E 183 210 106
E 192 210 106
E 201 210 104
E 207 210 101
E 49 211 208
E 130 211 206
E 184 211 205
E 193 211 209
E 202 211 210
E 208 211 203
E 210 211 205
E 50 212 101
E 131 212 107
E 185 212 107
E 194 212 107
E 203 212 104
E 209 212 102
E 210 212 109
E 211 212 207
E 51 213 110
E 132 213 104
E 186 213 101
E 195 213 206
E 204 213 110
E 207 213 105
E 210 213 103
E 52 214 102
E 133 214 109
E 187 214 109
E 196 214 108
E 205 214 101
E 208 214 102
E 211 214 205
E 213 214 107
E 53 215 110
E 134 215 208
E 188 215 107
E 197 215 104
E 206 215 104
E 209 215 101
E 212 215 101
E 213 215 106
E 214 215 102
E 54 216 105
E 135 216 202
E 162 216 104
E 189 216 104
E 55 217 101
E 136 217 104
E 163 217 103
E 190 217 106
E 216 217 105
E 56 218 108
E 137 218 109
E 164 218 105
E 191 218 107
E 216 218 109
E 217 218 101
E 57 219 109
E 138 219 110
E 165 219 108
E 192 219 103
E 216 219 108
E 58 220 103
E 139 220 101
E 166 220 205
E 193 220 105
E 217 220 102
E 219 220 103
E 59 221 205
E 140 221 105
E 167 221 107
E 194 221 105
E 218 221 110
E 219 221 101
E 220 221 110
E 60 222 110
E 141 222 106
E 168 222 104
E 195 222 203
E 216 222 102
E 219 222 109
E 61 223 209
E 142 223 202
E 169 223 207
E 196 223 209
E 217 223 207
E 220 223 210
E 222 223 207
E 62 224 110
E 143 224 110
E 170 224 108
E 197 224 103
E 218 224 105
E 221 224 108
E 222 224 106
E 223 224 206
E 63 225 102
E 144 225 104
E 171 225 107
E 198 225 106
E 216 225 108
E 64 226 201
E 145 226 102
E 172 226 110
E 199 226 108
E 217 226 109
E 225 226 109
E 65 227 109
E 146 227 109
E 173 227 110
E 200 227 201
E 218 227 109
E 225 227 108
E 226 227 110
E 66 228 201
E 147 228 202
E 174 228 204
E 201 228 208
E 219 228 206
E 225 228 210
E 67 229 106
E 148 229 102
E 175 229 109
E 202 229 101
E 220 229 109
E 226 229 101
E 228 229 209
E 68 230 106
E 149 230 109
E 176 230 110
E 203 230 107
E 221 230 103
E 227 230 110
E 228 230 202
E 229 230 104
E 69 231 109
E 150 231 104
E 177 231 203
E 204 231 101
E 222 231 108
E 225 231 110
E 228 231 202
E 70 232 105
E 151 232 103
E 178 232 102
E 205 232 101
E 223 232 202
E 226 232 102
E 229 232 105
E 231 232 107
E 71 233 110
E 152 233 202
E 179 233 101
E 206 233 103
E 224 233 101
E 227 233 109
E 230 233 105
E 231 233 108
E 232 233 106
E 72 234 106
E 153 234 101
E 180 234 109
E 207 234 105
E 216 234 101
E 225 234 102
E 73 235 104
E 154 235 103
E 181 235 101
E 208 235 104
E 217 235 104
E 226 235 106
E 234 235 102
E 74 236 209
E 155 236 209
E 182 236 308
E 209 236 205
E 218 236 205
E 227 236 210
E 234 236 206
E 235 236 207
E 75 237 103
E 156 237 108
E 183 237 106
E 210 237 105
E 219 237 105
E 228 237 206
E 234 237 105
E 76 238 104
E 157 238 208
E 184 238 109
E 211 238 203
E 220 238 109
E 229 238 105
E 235 238 108
E 237 238 110
E 77 239 106
E 158 239 103
E 185 239 101
E 212 239 109
E 221 239 110
E 230 239 104
E 236 239 209
E 237 239 108
E 238 239 103
E 78 240 207
E 159 240 101
E 186 240 110
E 213 240 102
E 222 240 105
E 231 240 106
E 234 240 102
E 237 240 108
E 79 241 104
E 160 241 110
E 187 241 108
E 214 241 102
E 223 241 205
E 232 241 105
E 235 241 109
E 238 241 102
E 240 241 105
E 80 242 107
E 161 242 102
E 188 242 103
E 215 242 109
E 224 242 109
E 233 242 106
E 236 242 209
E 239 242 103
E 240 242 101
E 241 242 107
T1 25
T1 45
T1 59
T1 64
T1 89
T1 91
T1 102
T1 109
T1 135
T1 152
T1 166
T1 223
T1 228
T1 236
T2 0
T2 25
T2 43
T2 64
T2 91
T2 102
T2 134
T2 135
T2 157
T2 166
T2 195
T2 211
T2 223
T2 228
T2 236
