S 24 32 6 8
F 1 1 1
E 1 10 2482300
E 6 10 3046393
E 5 11 962960
E 7 11 2734671
E 10 11 1503413
E 5 12 2734671
E 7 12 962960
E 2 13 1559870
E 9 13 1537189
E 12 13 1000868
E 9 14 1559870
E 2 15 1174387
E 14 15 362802
E 2 16 698621
E 12 16 1862117
E 0 17 153044
E 14 17 545640
E 15 18 545640
E 17 18 362802
E 0 19 729788
E 17 19 576744
E 3 20 403887
E 18 20 576744
E 19 20 362802
E 2 21 1122384
E 20 21 1174387
E 8 22 999800
E 16 22 1122384
E 21 22 698621
E 3 23 269721
E 4 23 341333
E 19 23 496968
T1 0
T1 1
T1 3
T1 4
T1 5
T1 9
T2 1
T2 3
T2 4
T2 5
T2 6
T2 7
T2 8
T2 9

