S 64 288 5 4
F 3 3 -2
E 0 1 201
E 0 2 204
E 1 2 105
E 0 3 201
E 1 3 101
E 2 3 108
E 0 4 202
E 1 5 110
E 4 5 108
E 2 6 101
E 4 6 104
E 5 6 108
E 3 7 107
E 4 7 105
E 5 7 106
E 6 7 102
E 0 8 208
E 4 8 101
E 1 9 102
E 5 9 110
E 8 9 102
E 2 10 101
E 6 10 104
E 8 10 102
E 9 10 109
E 3 11 107
E 7 11 110
E 8 11 104
E 9 11 102
E 10 11 106
E 0 12 209
E 4 12 110
E 8 12 109
E 1 13 105
E 5 13 108
E 9 13 109
E 12 13 102
E 2 14 103
E 6 14 105
E 10 14 103
E 12 14 103
E 13 14 106
E 3 15 202
E 7 15 206
E 11 15 208
E 12 15 201
E 13 15 207
E 14 15 209
E 0 16 210
E 1 17 103
E 16 17 104
E 2 18 103
E 16 18 110
E 17 18 104
E 3 19 205
E 16 19 210
E 17 19 208
E 18 19 204
E 4 20 102
E 16 20 106
E 5 21 102
E 17 21 109
E 20 21 101
E 6 22 102
E 18 22 107
E 20 22 102
E 21 22 104
E 7 23 110
E 19 23 206
E 20 23 107
E 21 23 104
E 22 23 106
E 8 24 107
E 16 24 105
E 20 24 106
E 9 25 109
E 17 25 109
E 21 25 108
E 24 25 110
E 10 26 103
E 18 26 107
E 22 26 110
E 24 26 102
E 25 26 101
E 11 27 103
E 19 27 203
E 23 27 105
E 24 27 101
E 25 27 110
E 26 27 106
E 12 28 202
E 16 28 205
E 20 28 207
E 24 28 204
E 13 29 101
E 17 29 105
E 21 29 102
E 25 29 104
E 28 29 202
E 14 30 110
E 18 30 110
E 22 30 102
E 26 30 107
E 28 30 202
E 29 30 102
E 15 31 208
E 19 31 210
E 23 31 110
E 27 31 102
E 28 31 203
E 29 31 101
E 30 31 109
E 0 32 204
E 16 32 104
E 1 33 107
E 17 33 105
E 32 33 102
E 2 34 101
E 18 34 102
E 32 34 107
E 33 34 105
E 3 35 108
E 19 35 208
E 32 35 110
E 33 35 106
E 34 35 110
E 4 36 108
E 20 36 104
E 32 36 110
E 5 37 203
E 21 37 203
E 33 37 205
E 36 37 202
E 6 38 102
E 22 38 104
E 34 38 107
E 36 38 109
E 37 38 205
E 7 39 104
E 23 39 103
E 35 39 102
E 36 39 101
E 37 39 202
E 38 39 101
E 8 40 107
E 24 40 108
E 32 40 109
E 36 40 108
E 9 41 107
E 25 41 110
E 33 41 107
E 37 41 205
E 40 41 103
E 10 42 208
E 26 42 205
E 34 42 202
E 38 42 207
E 40 42 204
E 41 42 210
E 11 43 108
E 27 43 103
E 35 43 105
E 39 43 108
E 40 43 101
E 41 43 108
E 42 43 201
E 12 44 108
E 28 44 207
E 32 44 109
E 36 44 104
E 40 44 109
E 13 45 102
E 29 45 108
E 33 45 103
E 37 45 202
E 41 45 105
E 44 45 108
E 14 46 103
E 30 46 102
E 34 46 102
E 38 46 106
E 42 46 204
E 44 46 105
E 45 46 102
E 15 47 209
E 31 47 106
E 35 47 105
E 39 47 110
E 43 47 109
E 44 47 109
E 45 47 102
E 46 47 106
E 0 48 206
E 16 48 102
E 32 48 103
E 1 49 107
E 17 49 110
E 33 49 101
E 48 49 104
E 2 50 110
E 18 50 106
E 34 50 104
E 48 50 104
E 49 50 107
E 3 51 105
E 19 51 209
E 35 51 108
E 48 51 104
E 49 51 103
E 50 51 104
E 4 52 104
E 20 52 102
E 36 52 106
E 48 52 104
E 5 53 106
E 21 53 109
E 37 53 203
E 49 53 110
E 52 53 109
E 6 54 210
E 22 54 205
E 38 54 205
E 50 54 205
E 52 54 202
E 53 54 205
E 7 55 110
E 23 55 104
E 39 55 107
E 51 55 104
E 52 55 103
E 53 55 101
E 54 55 209
E 8 56 109
E 24 56 109
E 40 56 110
E 48 56 105
E 52 56 104
E 9 57 202
E 25 57 210
E 41 57 209
E 49 57 209
E 53 57 207
E 56 57 204
E 10 58 110
E 26 58 108
E 42 58 206
E 50 58 109
E 54 58 202
E 56 58 110
E 57 58 207
E 11 59 101
E 27 59 106
E 43 59 110
E 51 59 107
E 55 59 108
E 56 59 102
E 57 59 202
E 58 59 106
E 12 60 109
E 28 60 206
E 44 60 102
E 48 60 102
E 52 60 101
E 56 60 103
E 13 61 109
E 29 61 103
E 45 61 106
E 49 61 103
E 53 61 110
E 57 61 201
E 60 61 101
E 14 62 104
E 30 62 104
E 46 62 107
E 50 62 110
E 54 62 210
E 58 62 109
E 60 62 110
E 61 62 102
E 15 63 206
E 31 63 106
E 47 63 103
E 51 63 101
E 55 63 102
E 59 63 101
E 60 63 109
E 61 63 102
E 62 63 104
T1 0
T1 15
T1 28
T1 37
T1 57
T2 15
T2 19
T2 42
T2 54

