S 125 750 7 7
F 10 10 -9
E 0 1 101
E 0 2 209
E 1 2 209
E 0 3 110
E 1 3 108
E 2 3 203
E 0 4 103
E 1 4 105
E 2 4 204
E 3 4 102
E 0 5 101
E 1 6 104
E 5 6 107
E 2 7 210
E 5 7 103
E 6 7 101
E 3 8 107
E 5 8 102
E 6 8 105
E 7 8 102
E 4 9 108
E 5 9 102
E 6 9 104
E 7 9 101
E 8 9 102
E 0 10 105
E 5 10 101
E 1 11 210
E 6 11 202
E 10 11 203
E 2 12 207
E 7 12 105
E 10 12 110
E 11 12 207
E 3 13 105
E 8 13 104
E 10 13 103
E 11 13 206
E 12 13 109
E 4 14 110
E 9 14 106
E 10 14 102
E 11 14 204
E 12 14 108
E 13 14 107
E 0 15 108
E 5 15 109
E 10 15 109
E 1 16 109
E 6 16 107
E 11 16 206
E 15 16 104
E 2 17 207
E 7 17 105
E 12 17 109
E 15 17 108
E 16 17 102
E 3 18 108
E 8 18 101
E 13 18 109
E 15 18 101
E 16 18 110
E 17 18 110
E 4 19 206
E 9 19 201
E 14 19 210
E 15 19 205
E 16 19 210
E 17 19 204
E 18 19 202
E 0 20 109
E 5 20 101
E 10 20 102
E 15 20 109
E 1 21 105
E 6 21 104
E 11 21 207
E 16 21 107
E 20 21 105
E 2 22 205
E 7 22 105
E 12 22 110
E 17 22 105
E 20 22 105
E 21 22 105
E 3 23 107
E 8 23 104
E 13 23 109
E 18 23 101
E 20 23 109
E 21 23 104
E 22 23 102
E 4 24 106
E 9 24 101
E 14 24 107
E 19 24 207
E 20 24 101
E 21 24 104
E 22 24 105
E 23 24 103
E 0 25 103
E 1 26 104
E 25 26 109
E 2 27 207
E 25 27 106
E 26 27 104
E 3 28 101
E 25 28 106
E 26 28 108
E 27 28 102
E 4 29 109
E 25 29 106
E 26 29 101
E 27 29 105
E 28 29 110
E 5 30 202
E 25 30 210
E 6 31 106
E 26 31 110
E 30 31 209
E 7 32 106
E 27 32 109
E 30 32 203
E 31 32 110
E 8 33 101
E 28 33 104
E 30 33 205
E 31 33 101
E 32 33 105
E 9 34 101
E 29 34 104
E 30 34 209
E 31 34 104
E 32 34 101
E 33 34 102
E 10 35 106
E 25 35 110
E 30 35 204
E 11 36 204
E 26 36 105
E 31 36 103
E 35 36 110
E 12 37 107
E 27 37 106
E 32 37 110
E 35 37 102
E 36 37 105
E 13 38 104
E 28 38 101
E 33 38 101
E 35 38 106
E 36 38 103
E 37 38 106
E 14 39 101
E 29 39 101
E 34 39 106
E 35 39 107
E 36 39 109
E 37 39 105
E 38 39 103
E 15 40 101
E 25 40 103
E 30 40 206
E 35 40 101
E 16 41 109
E 26 41 101
E 31 41 108
E 36 41 107
E 40 41 102
E 17 42 108
E 27 42 102
E 32 42 107
E 37 42 102
E 40 42 105
E 41 42 101
E 18 43 101
E 28 43 107
E 33 43 107
E 38 43 102
E 40 43 103
E 41 43 106
E 42 43 104
E 19 44 208
E 29 44 108
E 34 44 103
E 39 44 103
E 40 44 107
E 41 44 109
E 42 44 101
E 43 44 105
E 20 45 102
E 25 45 109
E 30 45 208
E 35 45 106
E 40 45 102
E 21 46 107
E 26 46 105
E 31 46 106
E 36 46 101
E 41 46 108
E 45 46 103
E 22 47 102
E 27 47 109
E 32 47 110
E 37 47 103
E 42 47 105
E 45 47 103
E 46 47 104
E 23 48 202
E 28 48 210
E 33 48 203
E 38 48 202
E 43 48 204
E 45 48 209
E 46 48 201
E 47 48 210
E 24 49 109
E 29 49 105
E 34 49 101
E 39 49 101
E 44 49 101
E 45 49 109
E 46 49 103
E 47 49 110
E 48 49 201
E 0 50 101
E 25 50 109
E 1 51 208
E 26 51 207
E 50 51 208
E 2 52 204
E 27 52 107
E 50 52 106
E 51 52 208
E 3 53 105
E 28 53 106
E 50 53 108
E 51 53 202
E 52 53 103
E 4 54 107
E 29 54 102
E 50 54 102
E 51 54 210
E 52 54 105
E 53 54 103
E 5 55 104
E 30 55 208
E 50 55 106
E 6 56 107
E 31 56 109
E 51 56 209
E 55 56 101
E 7 57 105
E 32 57 103
E 52 57 104
E 55 57 108
E 56 57 105
E 8 58 101
E 33 58 109
E 53 58 109
E 55 58 104
E 56 58 105
E 57 58 101
E 9 59 108
E 34 59 104
E 54 59 105
E 55 59 108
E 56 59 110
E 57 59 104
E 58 59 109
E 10 60 101
E 35 60 101
E 50 60 105
E 55 60 108
E 11 61 205
E 36 61 108
E 51 61 202
E 56 61 104
E 60 61 106
E 12 62 109
E 37 62 106
E 52 62 101
E 57 62 107
E 60 62 109
E 61 62 104
E 13 63 109
E 38 63 109
E 53 63 104
E 58 63 107
E 60 63 110
E 61 63 109
E 62 63 103
E 14 64 205
E 39 64 206
E 54 64 204
E 59 64 208
E 60 64 202
E 61 64 210
E 62 64 201
E 63 64 208
E 15 65 105
E 40 65 104
E 50 65 108
E 55 65 110
E 60 65 110
E 16 66 109
E 41 66 110
E 51 66 203
E 56 66 108
E 61 66 104
E 65 66 108
E 17 67 206
E 42 67 204
E 52 67 201
E 57 67 205
E 62 67 210
E 65 67 204
E 66 67 202
E 18 68 108
E 43 68 101
E 53 68 109
E 58 68 102
E 63 68 104
E 65 68 104
E 66 68 104
E 67 68 204
E 19 69 202
E 44 69 109
E 54 69 102
E 59 69 104
E 64 69 203
E 65 69 104
E 66 69 110
E 67 69 201
E 68 69 106
E 20 70 105
E 45 70 101
E 50 70 103
E 55 70 103
E 60 70 103
E 65 70 109
E 21 71 104
E 46 71 104
E 51 71 201
E 56 71 101
E 61 71 102
E 66 71 110
E 70 71 104
E 22 72 102
E 47 72 101
E 52 72 107
E 57 72 103
E 62 72 106
E 67 72 203
E 70 72 108
E 71 72 109
E 23 73 110
E 48 73 205
E 53 73 106
E 58 73 103
E 63 73 103
E 68 73 106
E 70 73 109
E 71 73 110
E 72 73 101
E 24 74 109
E 49 74 106
E 54 74 107
E 59 74 102
E 64 74 205
E 69 74 107
E 70 74 104
E 71 74 105
E 72 74 101
E 73 74 102
E 0 75 106
E 25 75 107
E 50 75 105
E 1 76 109
E 26 76 110
E 51 76 206
E 75 76 108
E 2 77 209
E 27 77 103
E 52 77 106
E 75 77 104
E 76 77 108
E 3 78 104
E 28 78 104
E 53 78 103
E 75 78 103
E 76 78 105
E 77 78 104
E 4 79 102
E 29 79 104
E 54 79 110
E 75 79 110
E 76 79 105
E 77 79 103
E 78 79 104
E 5 80 108
E 30 80 209
E 55 80 110
E 75 80 101
E 6 81 105
E 31 81 110
E 56 81 109
E 76 81 110
E 80 81 108
E 7 82 103
E 32 82 106
E 57 82 101
E 77 82 105
E 80 82 104
E 81 82 110
E 8 83 208
E 33 83 201
E 58 83 203
E 78 83 209
E 80 83 205
E 81 83 210
E 82 83 203
E 9 84 108
E 34 84 102
E 59 84 110
E 79 84 106
E 80 84 104
E 81 84 105
E 82 84 108
E 83 84 203
E 10 85 104
E 35 85 103
E 60 85 102
E 75 85 104
E 80 85 103
E 11 86 205
E 36 86 103
E 61 86 105
E 76 86 104
E 81 86 109
E 85 86 107
E 12 87 108
E 37 87 101
E 62 87 101
E 77 87 106
E 82 87 103
E 85 87 106
E 86 87 106
E 13 88 101
E 38 88 102
E 63 88 103
E 78 88 105
E 83 88 206
E 85 88 108
E 86 88 103
E 87 88 102
E 14 89 101
E 39 89 110
E 64 89 203
E 79 89 101
E 84 89 108
E 85 89 106
E 86 89 101
E 87 89 109
E 88 89 107
E 15 90 109
E 40 90 110
E 65 90 103
E 75 90 102
E 80 90 102
E 85 90 104
E 16 91 101
E 41 91 109
E 66 91 104
E 76 91 102
E 81 91 102
E 86 91 103
E 90 91 110
E 17 92 104
E 42 92 105
E 67 92 208
E 77 92 107
E 82 92 104
E 87 92 102
E 90 92 102
E 91 92 108
E 18 93 105
E 43 93 101
E 68 93 106
E 78 93 105
E 83 93 210
E 88 93 101
E 90 93 106
E 91 93 108
E 92 93 109
E 19 94 204
E 44 94 106
E 69 94 106
E 79 94 102
E 84 94 101
E 89 94 103
E 90 94 103
E 91 94 105
E 92 94 104
E 93 94 101
E 20 95 208
E 45 95 206
E 70 95 209
E 75 95 208
E 80 95 202
E 85 95 209
E 90 95 210
E 21 96 104
E 46 96 103
E 71 96 107
E 76 96 108
E 81 96 110
E 86 96 108
E 91 96 102
E 95 96 207
E 22 97 105
E 47 97 108
E 72 97 110
E 77 97 102
E 82 97 109
E 87 97 101
E 92 97 108
E 95 97 203
E 96 97 109
E 23 98 102
E 48 98 203
E 73 98 101
E 78 98 105
E 83 98 206
E 88 98 104
E 93 98 105
E 95 98 204
E 96 98 109
E 97 98 105
E 24 99 102
E 49 99 107
E 74 99 101
E 79 99 108
E 84 99 110
E 89 99 105
E 94 99 104
E 95 99 208
E 96 99 107
E 97 99 101
E 98 99 107
E 0 100 103
E 25 100 102
E 50 100 101
E 75 100 105
E 1 101 101
E 26 101 108
E 51 101 207
E 76 101 105
E 100 101 104
E 2 102 201
E 27 102 110
E 52 102 107
E 77 102 103
E 100 102 101
E 101 102 106
E 3 103 106
E 28 103 101
E 53 103 103
E 78 103 108
E 100 103 105
E 101 103 110
E 102 103 105
E 4 104 206
E 29 104 203
E 54 104 210
E 79 104 206
E 100 104 202
E 101 104 201
E 102 104 209
E 103 104 209
E 5 105 104
E 30 105 205
E 55 105 108
E 80 105 104
E 100 105 107
E 6 106 107
E 31 106 106
E 56 106 101
E 81 106 110
E 101 106 110
E 105 106 108
E 7 107 110
E 32 107 105
E 57 107 103
E 82 107 104
E 102 107 102
E 105 107 109
E 106 107 103
E 8 108 102
E 33 108 102
E 58 108 107
E 83 108 201
E 103 108 106
E 105 108 106
E 106 108 108
E 107 108 101
E 9 109 110
E 34 109 108
E 59 109 104
E 84 109 102
E 104 109 208
E 105 109 103
E 106 109 102
E 107 109 107
E 108 109 106
E 10 110 106
E 35 110 104
E 60 110 101
E 85 110 101
E 100 110 108
E 105 110 104
E 11 111 210
E 36 111 107
E 61 111 101
E 86 111 102
E 101 111 107
E 106 111 109
E 110 111 109
E 12 112 209
E 37 112 205
E 62 112 210
E 87 112 209
E 102 112 209
E 107 112 210
E 110 112 203
E 111 112 206
E 13 113 107
E 38 113 108
E 63 113 106
E 88 113 104
E 103 113 104
E 108 113 103
E 110 113 101
E 111 113 108
E 112 113 201
E 14 114 107
E 39 114 109
E 64 114 206
E 89 114 109
E 104 114 210
E 109 114 107
E 110 114 105
E 111 114 102
E 112 114 201
E 113 114 106
E 15 115 106
E 40 115 103
E 65 115 105
E 90 115 108
E 100 115 107
E 105 115 102
E 110 115 102
E 16 116 205
E 41 116 206
E 66 116 207
E 91 116 201
E 101 116 203
E 106 116 204
E 111 116 207
E 115 116 210
E 17 117 101
E 42 117 106
E 67 117 209
E 92 117 107
E 102 117 110
E 107 117 104
E 112 117 203
E 115 117 109
E 116 117 204
E 18 118 102
E 43 118 110
E 68 118 109
E 93 118 104
E 103 118 106
E 108 118 104
E 113 118 106
E 115 118 104
E 116 118 207
E 117 118 106
E 19 119 204
E 44 119 109
E 69 119 109
E 94 119 108
E 104 119 208
E 109 119 106
E 114 119 102
E 115 119 101
E 116 119 208
E 117 119 101
E 118 119 101
E 20 120 110
E 45 120 101
E 70 120 110
E 95 120 208
E 100 120 109
E 105 120 103
E 110 120 109
E 115 120 109
E 21 121 107
E 46 121 105
E 71 121 110
E 96 121 106
E 101 121 103
E 106 121 108
E 111 121 102
E 116 121 208
E 120 121 104
E 22 122 105
E 47 122 105
E 72 122 107
E 97 122 109
E 102 122 110
E 107 122 104
E 112 122 207
E 117 122 102
E 120 122 102
E 121 122 104
E 23 123 105
E 48 123 208
E 73 123 105
E 98 123 104
E 103 123 104
E 108 123 102
E 113 123 107
E 118 123 102
E 120 123 102
E 121 123 105
E 122 123 108
E 24 124 104
E 49 124 108
E 74 124 102
E 99 124 104
E 104 124 207
E 109 124 110
E 114 124 104
E 119 124 106
E 120 124 103
E 121 124 106
E 122 124 103
E 123 124 106
T1 30
T1 48
T1 64
T1 67
T1 83
T1 95
T1 112
T2 2
T2 11
T2 48
T2 51
T2 83
T2 104
T2 116

