S 729 4368 38 26
F 3 5 4
E 0 1 101
E 0 2 203
E 1 2 206
E 0 3 103
E 1 4 101
E 3 4 109
E 2 5 208
E 3 5 102
E 4 5 103
E 0 6 104
E 3 6 110
E 1 7 109
E 4 7 105
E 6 7 103
E 2 8 203
E 5 8 107
E 6 8 109
E 7 8 107
E 0 9 103
E 1 10 104
E 9 10 108
E 2 11 210
E 9 11 105
E 10 11 104
E 3 12 105
E 9 12 110
E 4 13 203
E 10 13 205
E 12 13 203
E 5 14 104
E 11 14 105
E 12 14 101
E 13 14 208
E 6 15 104
E 9 15 103
E 12 15 106
E 7 16 206
E 10 16 206
E 13 16 301
E 15 16 207
E 8 17 102
E 11 17 102
E 14 17 103
E 15 17 108
E 16 17 203
E 0 18 110
E 9 18 104
E 1 19 109
E 10 19 102
E 18 19 108
E 2 20 203
E 11 20 102
E 18 20 104
E 19 20 105
E 3 21 105
E 12 21 107
E 18 21 101
E 4 22 109
E 13 22 206
E 19 22 106
E 21 22 103
E 5 23 107
E 14 23 102
E 20 23 107
E 21 23 102
E 22 23 103
E 6 24 104
E 15 24 101
E 18 24 101
E 21 24 103
E 7 25 104
E 16 25 209
E 19 25 102
E 22 25 107
E 24 25 106
E 8 26 106
E 17 26 110
E 20 26 104
E 23 26 104
E 24 26 107
E 25 26 105
E 0 27 107
E 1 28 109
E 27 28 107
E 2 29 307
E 27 29 202
E 28 29 201
E 3 30 106
E 27 30 105
E 4 31 104
E 28 31 104
E 30 31 103
E 5 32 110
E 29 32 208
E 30 32 108
E 31 32 102
E 6 33 110
E 27 33 105
E 30 33 101
E 7 34 104
E 28 34 107
E 31 34 110
E 33 34 109
E 8 35 107
E 29 35 206
E 32 35 106
E 33 35 105
E 34 35 103
E 9 36 104
E 27 36 106
E 10 37 107
E 28 37 107
E 36 37 109
E 11 38 101
E 29 38 206
E 36 38 104
E 37 38 107
E 12 39 102
E 30 39 104
E 36 39 104
E 13 40 207
E 31 40 104
E 37 40 106
E 39 40 102
E 14 41 101
E 32 41 109
E 38 41 105
E 39 41 101
E 40 41 107
E 15 42 203
E 33 42 205
E 36 42 209
E 39 42 207
E 16 43 205
E 34 43 104
E 37 43 105
E 40 43 105
E 42 43 203
E 17 44 108
E 35 44 104
E 38 44 109
E 41 44 109
E 42 44 209
E 43 44 103
E 18 45 101
E 27 45 103
E 36 45 102
E 19 46 109
E 28 46 101
E 37 46 104
E 45 46 103
E 20 47 105
E 29 47 210
E 38 47 109
E 45 47 105
E 46 47 107
E 21 48 108
E 30 48 107
E 39 48 101
E 45 48 105
E 22 49 103
E 31 49 108
E 40 49 102
E 46 49 108
E 48 49 101
E 23 50 110
E 32 50 109
E 41 50 110
E 47 50 103
E 48 50 106
E 49 50 108
E 24 51 109
E 33 51 106
E 42 51 204
E 45 51 108
E 48 51 107
E 25 52 105
E 34 52 108
E 43 52 106
E 46 52 102
E 49 52 104
E 51 52 101
E 26 53 110
E 35 53 105
E 44 53 102
E 47 53 110
E 50 53 106
E 51 53 103
E 52 53 105
E 0 54 109
E 27 54 101
E 1 55 108
E 28 55 109
E 54 55 107
E 2 56 205
E 29 56 209
E 54 56 108
E 55 56 104
E 3 57 101
E 30 57 110
E 54 57 103
E 4 58 102
E 31 58 110
E 55 58 108
E 57 58 104
E 5 59 108
E 32 59 104
E 56 59 108
E 57 59 106
E 58 59 104
E 6 60 105
E 33 60 104
E 54 60 108
E 57 60 107
E 7 61 204
E 34 61 208
E 55 61 208
E 58 61 202
E 60 61 201
E 8 62 105
E 35 62 102
E 56 62 108
E 59 62 103
E 60 62 107
E 61 62 208
E 9 63 102
E 36 63 104
E 54 63 103
E 10 64 107
E 37 64 109
E 55 64 105
E 63 64 106
E 11 65 110
E 38 65 110
E 56 65 104
E 63 65 103
E 64 65 103
E 12 66 102
E 39 66 109
E 57 66 103
E 63 66 109
E 13 67 202
E 40 67 110
E 58 67 101
E 64 67 108
E 66 67 103
E 14 68 103
E 41 68 104
E 59 68 110
E 65 68 105
E 66 68 101
E 67 68 108
E 15 69 106
E 42 69 204
E 60 69 106
E 63 69 110
E 66 69 109
E 16 70 202
E 43 70 101
E 61 70 201
E 64 70 106
E 67 70 107
E 69 70 101
E 17 71 109
E 44 71 101
E 62 71 109
E 65 71 110
E 68 71 104
E 69 71 102
E 70 71 106
E 18 72 206
E 45 72 209
E 54 72 207
E 63 72 205
E 19 73 108
E 46 73 104
E 55 73 104
E 64 73 108
E 72 73 201
E 20 74 102
E 47 74 103
E 56 74 110
E 65 74 108
E 72 74 201
E 73 74 101
E 21 75 105
E 48 75 101
E 57 75 103
E 66 75 104
E 72 75 203
E 22 76 109
E 49 76 108
E 58 76 108
E 67 76 107
E 73 76 107
E 75 76 106
E 23 77 202
E 50 77 203
E 59 77 204
E 68 77 202
E 74 77 209
E 75 77 202
E 76 77 202
E 24 78 103
E 51 78 104
E 60 78 104
E 69 78 107
E 72 78 202
E 75 78 107
E 25 79 102
E 52 79 106
E 61 79 203
E 70 79 109
E 73 79 108
E 76 79 104
E 78 79 102
E 26 80 102
E 53 80 106
E 62 80 105
E 71 80 105
E 74 80 107
E 77 80 208
E 78 80 104
E 79 80 106
E 0 81 101
E 1 82 102
E 81 82 106
E 2 83 205
E 81 83 105
E 82 83 108
E 3 84 105
E 81 84 107
E 4 85 107
E 82 85 101
E 84 85 103
E 5 86 107
E 83 86 108
E 84 86 105
E 85 86 108
E 6 87 110
E 81 87 109
E 84 87 107
E 7 88 109
E 82 88 104
E 85 88 107
E 87 88 106
E 8 89 110
E 83 89 105
E 86 89 107
E 87 89 102
E 88 89 106
E 9 90 102
E 81 90 108
E 10 91 102
E 82 91 109
E 90 91 105
E 11 92 105
E 83 92 110
E 90 92 107
E 91 92 104
E 12 93 104
E 84 93 102
E 90 93 108
E 13 94 201
E 85 94 110
E 91 94 102
E 93 94 109
E 14 95 103
E 86 95 107
E 92 95 102
E 93 95 108
E 94 95 106
E 15 96 108
E 87 96 103
E 90 96 101
E 93 96 110
E 16 97 206
E 88 97 101
E 91 97 110
E 94 97 105
E 96 97 101
E 17 98 106
E 89 98 106
E 92 98 102
E 95 98 107
E 96 98 105
E 97 98 101
E 18 99 108
E 81 99 106
E 90 99 107
E 19 100 207
E 82 100 204
E 91 100 205
E 99 100 206
E 20 101 106
E 83 101 107
E 92 101 110
E 99 101 104
E 100 101 204
E 21 102 110
E 84 102 110
E 93 102 101
E 99 102 107
E 22 103 108
E 85 103 110
E 94 103 108
E 100 103 202
E 102 103 106
E 23 104 104
E 86 104 110
E 95 104 109
E 101 104 102
E 102 104 105
E 103 104 101
E 24 105 210
E 87 105 208
E 96 105 210
E 99 105 202
E 102 105 203
E 25 106 109
E 88 106 104
E 97 106 101
E 100 106 209
E 103 106 104
E 105 106 209
E 26 107 205
E 89 107 206
E 98 107 205
E 101 107 204
E 104 107 205
E 105 107 301
E 106 107 206
E 27 108 201
E 81 108 208
E 28 109 105
E 82 109 101
E 108 109 208
E 29 110 308
E 83 110 210
E 109 110 203
E 30 111 203
E 84 111 203
E 108 111 305
E 31 112 107
E 85 112 104
E 109 112 105
E 111 112 203
E 32 113 204
E 86 113 201
E 110 113 306
E 111 113 308
E 112 113 203
E 33 114 102
E 87 114 110
E 108 114 210
E 111 114 208
E 34 115 102
E 88 115 110
E 109 115 102
E 112 115 104
E 114 115 110
E 35 116 110
E 89 116 101
E 110 116 210
E 113 116 206
E 114 116 101
E 115 116 103
E 36 117 106
E 90 117 108
E 108 117 208
E 37 118 101
E 91 118 109
E 109 118 103
E 117 118 103
E 38 119 102
E 92 119 103
E 110 119 202
E 117 119 107
E 118 119 107
E 39 120 105
E 93 120 106
E 111 120 207
E 117 120 102
E 40 121 105
E 94 121 102
E 112 121 101
E 118 121 105
E 120 121 106
E 41 122 204
E 95 122 202
E 113 122 301
E 119 122 204
E 120 122 207
E 121 122 204
E 42 123 202
E 96 123 110
E 114 123 105
E 117 123 105
E 120 123 107
E 43 124 102
E 97 124 109
E 115 124 106
E 118 124 107
E 121 124 103
E 123 124 102
E 44 125 103
E 98 125 101
E 116 125 102
E 119 125 106
E 122 125 203
E 123 125 107
E 124 125 102
E 45 126 106
E 99 126 104
E 108 126 203
E 117 126 105
E 46 127 104
E 100 127 206
E 109 127 109
E 118 127 108
E 126 127 107
E 47 128 109
E 101 128 107
E 110 128 203
E 119 128 105
E 126 128 107
E 127 128 107
E 48 129 104
E 102 129 108
E 111 129 202
E 120 129 101
E 126 129 105
E 49 130 102
E 103 130 105
E 112 130 105
E 121 130 109
E 127 130 109
E 129 130 106
E 50 131 101
E 104 131 109
E 113 131 210
E 122 131 209
E 128 131 102
E 129 131 102
E 130 131 106
E 51 132 104
E 105 132 204
E 114 132 103
E 123 132 101
E 126 132 108
E 129 132 109
E 52 133 109
E 106 133 102
E 115 133 101
E 124 133 102
E 127 133 108
E 130 133 107
E 132 133 103
E 53 134 106
E 107 134 208
E 116 134 105
E 125 134 101
E 128 134 108
E 131 134 109
E 132 134 107
E 133 134 109
E 54 135 102
E 81 135 110
E 108 135 206
E 55 136 101
E 82 136 103
E 109 136 110
E 135 136 110
E 56 137 105
E 83 137 106
E 110 137 208
E 135 137 103
E 136 137 108
E 57 138 104
E 84 138 105
E 111 138 210
E 135 138 105
E 58 139 110
E 85 139 107
E 112 139 109
E 136 139 102
E 138 139 104
E 59 140 108
E 86 140 104
E 113 140 210
E 137 140 107
E 138 140 102
E 139 140 108
E 60 141 108
E 87 141 104
E 114 141 107
E 135 141 110
E 138 141 104
E 61 142 309
E 88 142 208
E 115 142 208
E 136 142 209
E 139 142 201
E 141 142 205
E 62 143 102
E 89 143 108
E 116 143 101
E 137 143 108
E 140 143 106
E 141 143 105
E 142 143 203
E 63 144 103
E 90 144 105
E 117 144 103
E 135 144 102
E 64 145 204
E 91 145 205
E 118 145 207
E 136 145 208
E 144 145 204
E 65 146 103
E 92 146 101
E 119 146 109
E 137 146 106
E 144 146 110
E 145 146 209
E 66 147 103
E 93 147 110
E 120 147 105
E 138 147 109
E 144 147 102
E 67 148 107
E 94 148 110
E 121 148 110
E 139 148 109
E 145 148 203
E 147 148 106
E 68 149 106
E 95 149 109
E 122 149 206
E 140 149 110
E 146 149 105
E 147 149 108
E 148 149 108
E 69 150 108
E 96 150 103
E 123 150 106
E 141 150 108
E 144 150 101
E 147 150 102
E 70 151 102
E 97 151 105
E 124 151 106
E 142 151 202
E 145 151 209
E 148 151 108
E 150 151 110
E 71 152 105
E 98 152 106
E 125 152 108
E 143 152 105
E 146 152 108
E 149 152 106
E 150 152 108
E 151 152 102
E 72 153 210
E 99 153 106
E 126 153 101
E 135 153 107
E 144 153 106
E 73 154 105
E 100 154 210
E 127 154 106
E 136 154 106
E 145 154 209
E 153 154 109
E 74 155 108
E 101 155 107
E 128 155 103
E 137 155 103
E 146 155 110
E 153 155 102
E 154 155 104
E 75 156 106
E 102 156 108
E 129 156 105
E 138 156 108
E 147 156 101
E 153 156 110
E 76 157 107
E 103 157 106
E 130 157 105
E 139 157 108
E 148 157 102
E 154 157 102
E 156 157 107
E 77 158 209
E 104 158 102
E 131 158 108
E 140 158 103
E 149 158 107
E 155 158 108
E 156 158 104
E 157 158 102
E 78 159 107
E 105 159 210
E 132 159 110
E 141 159 107
E 150 159 104
E 153 159 101
E 156 159 110
E 79 160 106
E 106 160 108
E 133 160 110
E 142 160 201
E 151 160 108
E 154 160 102
E 157 160 104
E 159 160 102
E 80 161 106
E 107 161 204
E 134 161 102
E 143 161 107
E 152 161 107
E 155 161 104
E 158 161 101
E 159 161 106
E 160 161 104
E 0 162 108
E 81 162 108
E 1 163 102
E 82 163 101
E 162 163 106
E 2 164 306
E 83 164 205
E 162 164 202
E 163 164 201
E 3 165 207
E 84 165 201
E 162 165 208
E 4 166 102
E 85 166 102
E 163 166 104
E 165 166 202
E 5 167 102
E 86 167 103
E 164 167 205
E 165 167 201
E 166 167 109
E 6 168 102
E 87 168 108
E 162 168 101
E 165 168 210
E 7 169 109
E 88 169 110
E 163 169 105
E 166 169 101
E 168 169 109
E 8 170 110
E 89 170 107
E 164 170 203
E 167 170 102
E 168 170 107
E 169 170 108
E 9 171 208
E 90 171 203
E 162 171 201
E 10 172 110
E 91 172 106
E 163 172 110
E 171 172 203
E 11 173 109
E 92 173 106
E 164 173 210
E 171 173 209
E 172 173 108
E 12 174 105
E 93 174 101
E 165 174 203
E 171 174 208
E 13 175 202
E 94 175 110
E 166 175 107
E 172 175 102
E 174 175 103
E 14 176 106
E 95 176 103
E 167 176 104
E 173 176 107
E 174 176 109
E 175 176 102
E 15 177 106
E 96 177 102
E 168 177 109
E 171 177 206
E 174 177 106
E 16 178 205
E 97 178 109
E 169 178 105
E 172 178 110
E 175 178 102
E 177 178 107
E 17 179 101
E 98 179 107
E 170 179 109
E 173 179 108
E 176 179 102
E 177 179 101
E 178 179 106
E 18 180 110
E 99 180 109
E 162 180 106
E 171 180 210
E 19 181 104
E 100 181 207
E 163 181 105
E 172 181 108
E 180 181 107
E 20 182 110
E 101 182 103
E 164 182 207
E 173 182 102
E 180 182 110
E 181 182 109
E 21 183 108
E 102 183 102
E 165 183 209
E 174 183 106
E 180 183 102
E 22 184 110
E 103 184 110
E 166 184 110
E 175 184 108
E 181 184 107
E 183 184 110
E 23 185 109
E 104 185 108
E 167 185 110
E 176 185 107
E 182 185 106
E 183 185 109
E 184 185 110
E 24 186 104
E 105 186 202
E 168 186 107
E 177 186 103
E 180 186 107
E 183 186 104
E 25 187 104
E 106 187 105
E 169 187 105
E 178 187 110
E 181 187 108
E 184 187 104
E 186 187 107
E 26 188 104
E 107 188 202
E 170 188 101
E 179 188 106
E 182 188 105
E 185 188 104
E 186 188 109
E 187 188 104
E 27 189 106
E 108 189 209
E 162 189 106
E 28 190 109
E 109 190 101
E 163 190 105
E 189 190 107
E 29 191 203
E 110 191 205
E 164 191 209
E 189 191 103
E 190 191 102
E 30 192 106
E 111 192 203
E 165 192 202
E 189 192 108
E 31 193 101
E 112 193 107
E 166 193 105
E 190 193 102
E 192 193 106
E 32 194 103
E 113 194 202
E 167 194 105
E 191 194 107
E 192 194 110
E 193 194 110
E 33 195 107
E 114 195 103
E 168 195 110
E 189 195 108
E 192 195 110
E 34 196 104
E 115 196 107
E 169 196 101
E 190 196 106
E 193 196 101
E 195 196 105
E 35 197 109
E 116 197 106
E 170 197 108
E 191 197 108
E 194 197 102
E 195 197 106
E 196 197 107
E 36 198 105
E 117 198 105
E 171 198 210
E 189 198 108
E 37 199 102
E 118 199 103
E 172 199 102
E 190 199 104
E 198 199 109
E 38 200 104
E 119 200 104
E 173 200 107
E 191 200 110
E 198 200 102
E 199 200 103
E 39 201 107
E 120 201 109
E 174 201 107
E 192 201 103
E 198 201 107
E 40 202 106
E 121 202 109
E 175 202 104
E 193 202 103
E 199 202 101
E 201 202 102
E 41 203 108
E 122 203 210
E 176 203 103
E 194 203 108
E 200 203 104
E 201 203 108
E 202 203 106
E 42 204 202
E 123 204 101
E 177 204 104
E 195 204 110
E 198 204 107
E 201 204 108
E 43 205 109
E 124 205 106
E 178 205 101
E 196 205 108
E 199 205 108
E 202 205 106
E 204 205 109
E 44 206 109
E 125 206 110
E 179 206 107
E 197 206 107
E 200 206 105
E 203 206 106
E 204 206 107
E 205 206 106
E 45 207 103
E 126 207 104
E 180 207 110
E 189 207 109
E 198 207 106
E 46 208 205
E 127 208 205
E 181 208 206
E 190 208 206
E 199 208 209
E 207 208 205
E 47 209 101
E 128 209 104
E 182 209 109
E 191 209 110
E 200 209 110
E 207 209 109
E 208 209 210
E 48 210 105
E 129 210 106
E 183 210 105
E 192 210 104
E 201 210 105
E 207 210 107
E 49 211 207
E 130 211 204
E 184 211 203
E 193 211 203
E 202 211 204
E 208 211 308
E 210 211 207
E 50 212 104
E 131 212 102
E 185 212 109
E 194 212 105
E 203 212 110
E 209 212 109
E 210 212 104
E 211 212 205
E 51 213 105
E 132 213 103
E 186 213 102
E 195 213 108
E 204 213 104
E 207 213 109
E 210 213 109
E 52 214 203
E 133 214 202
E 187 214 210
E 196 214 203
E 205 214 206
E 211 214 307
E 213 214 208
E 53 215 107
E 134 215 102
E 188 215 109
E 197 215 103
E 206 215 110
E 209 215 106
E 212 215 102
E 213 215 102
E 214 215 204
E 54 216 103
E 135 216 107
E 162 216 102
E 189 216 109
E 55 217 109
E 136 217 102
E 163 217 105
E 190 217 105
E 216 217 107
E 56 218 102
E 137 218 106
E 164 218 210
E 191 218 101
E 216 218 101
E 217 218 110
E 57 219 208
E 138 219 206
E 165 219 306
E 192 219 210
E 216 219 209
E 58 220 105
E 139 220 110
E 166 220 109
E 193 220 107
E 217 220 104
E 219 220 210
E 59 221 104
E 140 221 103
E 167 221 109
E 194 221 106
E 218 221 108
E 219 221 201
E 220 221 104
E 60 222 110
E 141 222 104
E 168 222 107
E 195 222 105
E 216 222 101
E 219 222 204
E 61 223 209
E 142 223 205
E 169 223 101
E 196 223 106
E 217 223 110
E 220 223 110
E 222 223 101
E 62 224 105
E 143 224 105
E 170 224 106
E 197 224 101
E 218 224 101
E 221 224 107
E 222 224 110
E 223 224 104
E 63 225 105
E 144 225 109
E 171 225 205
E 198 225 110
E 216 225 101
E 64 226 108
E 145 226 201
E 172 226 108
E 199 226 101
E 217 226 104
E 225 226 102
E 65 227 110
E 146 227 110
E 173 227 109
E 200 227 106
E 218 227 101
E 225 227 110
E 226 227 106
E 66 228 104
E 147 228 104
E 174 228 103
E 201 228 104
E 219 228 210
E 225 228 101
E 67 229 107
E 148 229 106
E 175 229 110
E 202 229 105
E 220 229 101
E 226 229 109
E 228 229 103
E 68 230 107
E 149 230 102
E 176 230 107
E 203 230 101
E 221 230 104
E 227 230 105
E 228 230 101
E 229 230 101
E 69 231 103
E 150 231 108
E 177 231 102
E 204 231 102
E 222 231 110
E 225 231 101
E 228 231 102
E 70 232 108
E 151 232 109
E 178 232 109
E 205 232 109
E 223 232 106
E 226 232 102
E 229 232 107
E 231 232 106
E 71 233 207
E 152 233 203
E 179 233 206
E 206 233 202
E 224 233 210
E 227 233 202
E 230 233 204
E 231 233 204
E 232 233 209
E 72 234 210
E 153 234 109
E 180 234 101
E 207 234 107
E 216 234 101
E 225 234 105
E 73 235 101
E 154 235 102
E 181 235 110
E 208 235 205
E 217 235 108
E 226 235 104
E 234 235 108
E 74 236 107
E 155 236 110
E 182 236 105
E 209 236 106
E 218 236 105
E 227 236 103
E 234 236 108
E 235 236 103
E 75 237 106
E 156 237 102
E 183 237 110
E 210 237 109
E 219 237 204
E 228 237 106
E 234 237 101
E 76 238 109
E 157 238 105
E 184 238 103
E 211 238 202
E 220 238 108
E 229 238 110
E 235 238 103
E 237 238 110
E 77 239 210
E 158 239 102
E 185 239 107
E 212 239 101
E 221 239 108
E 230 239 107
E 236 239 102
E 237 239 106
E 238 239 109
E 78 240 109
E 159 240 103
E 186 240 110
E 213 240 101
E 222 240 107
E 231 240 107
E 234 240 108
E 237 240 109
E 79 241 101
E 160 241 110
E 187 241 109
E 214 241 209
E 223 241 102
E 232 241 103
E 235 241 107
E 238 241 110
E 240 241 101
E 80 242 110
E 161 242 106
E 188 242 110
E 215 242 110
E 224 242 110
E 233 242 205
E 236 242 104
E 239 242 104
E 240 242 105
E 241 242 104
E 0 243 102
E 1 244 108
E 243 244 106
E 2 245 205
E 243 245 101
E 244 245 103
E 3 246 107
E 243 246 102
E 4 247 105
E 244 247 105
E 246 247 108
E 5 248 110
E 245 248 104
E 246 248 104
E 247 248 110
E 6 249 105
E 243 249 102
E 246 249 106
E 7 250 103
E 244 250 102
E 247 250 101
E 249 250 107
E 8 251 102
E 245 251 110
E 248 251 109
E 249 251 104
E 250 251 103
E 9 252 104
E 243 252 110
E 10 253 107
E 244 253 107
E 252 253 103
E 11 254 105
E 245 254 101
E 252 254 108
E 253 254 107
E 12 255 109
E 246 255 107
E 252 255 101
E 13 256 201
E 247 256 110
E 253 256 102
E 255 256 110
E 14 257 101
E 248 257 101
E 254 257 109
E 255 257 103
E 256 257 104
E 15 258 104
E 249 258 105
E 252 258 106
E 255 258 107
E 16 259 203
E 250 259 106
E 253 259 108
E 256 259 105
E 258 259 108
E 17 260 201
E 251 260 203
E 254 260 207
E 257 260 206
E 258 260 204
E 259 260 204
E 18 261 101
E 243 261 109
E 252 261 101
E 19 262 105
E 244 262 106
E 253 262 107
E 261 262 102
E 20 263 202
E 245 263 204
E 254 263 206
E 261 263 209
E 262 263 207
E 21 264 204
E 246 264 202
E 255 264 208
E 261 264 205
E 22 265 104
E 247 265 103
E 256 265 102
E 262 265 106
E 264 265 206
E 23 266 108
E 248 266 102
E 257 266 102
E 263 266 201
E 264 266 209
E 265 266 101
E 24 267 105
E 249 267 110
E 258 267 106
E 261 267 110
E 264 267 206
E 25 268 110
E 250 268 103
E 259 268 105
E 262 268 108
E 265 268 110
E 267 268 101
E 26 269 104
E 251 269 101
E 260 269 202
E 263 269 208
E 266 269 105
E 267 269 103
E 268 269 105
E 27 270 102
E 243 270 101
E 28 271 107
E 244 271 104
E 270 271 103
E 29 272 204
E 245 272 105
E 270 272 103
E 271 272 110
E 30 273 107
E 246 273 103
E 270 273 110
E 31 274 101
E 247 274 108
E 271 274 108
E 273 274 101
E 32 275 107
E 248 275 107
E 272 275 106
E 273 275 109
E 274 275 106
E 33 276 110
E 249 276 101
E 270 276 105
E 273 276 105
E 34 277 108
E 250 277 103
E 271 277 101
E 274 277 102
E 276 277 109
E 35 278 103
E 251 278 105
E 272 278 104
E 275 278 103
E 276 278 108
E 277 278 101
E 36 279 105
E 252 279 101
E 270 279 109
E 37 280 203
E 253 280 208
E 271 280 203
E 279 280 206
E 38 281 106
E 254 281 108
E 272 281 102
E 279 281 104
E 280 281 208
E 39 282 106
E 255 282 106
E 273 282 109
E 279 282 108
E 40 283 108
E 256 283 106
E 274 283 107
E 280 283 202
E 282 283 106
E 41 284 104
E 257 284 106
E 275 284 110
E 281 284 107
E 282 284 108
E 283 284 106
E 42 285 210
E 258 285 104
E 276 285 107
E 279 285 101
E 282 285 103
E 43 286 106
E 259 286 106
E 277 286 108
E 280 286 203
E 283 286 101
E 285 286 105
E 44 287 107
E 260 287 202
E 278 287 109
E 281 287 105
E 284 287 108
E 285 287 107
E 286 287 107
E 45 288 106
E 261 288 109
E 270 288 105
E 279 288 101
E 46 289 106
E 262 289 102
E 271 289 106
E 280 289 209
E 288 289 106
E 47 290 104
E 263 290 202
E 272 290 107
E 281 290 108
E 288 290 107
E 289 290 106
E 48 291 209
E 264 291 306
E 273 291 207
E 282 291 210
E 288 291 203
E 49 292 101
E 265 292 108
E 274 292 110
E 283 292 107
E 289 292 110
E 291 292 208
E 50 293 110
E 266 293 105
E 275 293 108
E 284 293 107
E 290 293 109
E 291 293 204
E 292 293 103
E 51 294 101
E 267 294 101
E 276 294 103
E 285 294 101
E 288 294 103
E 291 294 208
E 52 295 103
E 268 295 102
E 277 295 108
E 286 295 105
E 289 295 104
E 292 295 109
E 294 295 108
E 53 296 105
E 269 296 101
E 278 296 109
E 287 296 108
E 290 296 103
E 293 296 109
E 294 296 103
E 295 296 101
E 54 297 207
E 243 297 208
E 270 297 206
E 55 298 104
E 244 298 101
E 271 298 104
E 297 298 208
E 56 299 107
E 245 299 102
E 272 299 109
E 297 299 209
E 298 299 103
E 57 300 104
E 246 300 102
E 273 300 109
E 297 300 208
E 58 301 109
E 247 301 103
E 274 301 105
E 298 301 105
E 300 301 109
E 59 302 208
E 248 302 203
E 275 302 205
E 299 302 207
E 300 302 204
E 301 302 209
E 60 303 110
E 249 303 104
E 276 303 109
E 297 303 206
E 300 303 105
E 61 304 205
E 250 304 101
E 277 304 102
E 298 304 106
E 301 304 103
E 303 304 103
E 62 305 105
E 251 305 105
E 278 305 105
E 299 305 107
E 302 305 202
E 303 305 103
E 304 305 110
E 63 306 110
E 252 306 102
E 279 306 106
E 297 306 208
E 64 307 105
E 253 307 102
E 280 307 201
E 298 307 105
E 306 307 108
E 65 308 107
E 254 308 108
E 281 308 101
E 299 308 109
E 306 308 109
E 307 308 103
E 66 309 104
E 255 309 106
E 282 309 104
E 300 309 108
E 306 309 108
E 67 310 109
E 256 310 106
E 283 310 106
E 301 310 108
E 307 310 107
E 309 310 101
E 68 311 106
E 257 311 105
E 284 311 108
E 302 311 210
E 308 311 106
E 309 311 108
E 310 311 109
E 69 312 105
E 258 312 109
E 285 312 110
E 303 312 103
E 306 312 103
E 309 312 110
E 70 313 106
E 259 313 109
E 286 313 105
E 304 313 107
E 307 313 107
E 310 313 104
E 312 313 107
E 71 314 107
E 260 314 208
E 287 314 106
E 305 314 105
E 308 314 105
E 311 314 110
E 312 314 103
E 313 314 109
E 72 315 209
E 261 315 104
E 288 315 103
E 297 315 207
E 306 315 107
E 73 316 101
E 262 316 101
E 289 316 108
E 298 316 103
E 307 316 101
E 315 316 103
E 74 317 108
E 263 317 208
E 290 317 106
E 299 317 101
E 308 317 107
E 315 317 105
E 316 317 105
E 75 318 101
E 264 318 207
E 291 318 209
E 300 318 105
E 309 318 103
E 315 318 106
E 76 319 107
E 265 319 108
E 292 319 104
E 301 319 110
E 310 319 103
E 316 319 104
E 318 319 104
E 77 320 207
E 266 320 106
E 293 320 108
E 302 320 203
E 311 320 103
E 317 320 103
E 318 320 103
E 319 320 106
E 78 321 109
E 267 321 106
E 294 321 102
E 303 321 107
E 312 321 107
E 315 321 102
E 318 321 107
E 79 322 202
E 268 322 208
E 295 322 209
E 304 322 203
E 313 322 201
E 316 322 206
E 319 322 202
E 321 322 201
E 80 323 107
E 269 323 109
E 296 323 106
E 305 323 104
E 314 323 105
E 317 323 109
E 320 323 109
E 321 323 101
E 322 323 208
E 81 324 101
E 243 324 104
E 82 325 203
E 244 325 209
E 324 325 204
E 83 326 104
E 245 326 102
E 324 326 107
E 325 326 210
E 84 327 108
E 246 327 108
E 324 327 109
E 85 328 203
E 247 328 203
E 325 328 303
E 327 328 202
E 86 329 103
E 248 329 102
E 326 329 105
E 327 329 109
E 328 329 207
E 87 330 107
E 249 330 101
E 324 330 101
E 327 330 103
E 88 331 207
E 250 331 205
E 328 331 310
E 330 331 207
E 89 332 104
E 251 332 104
E 326 332 104
E 329 332 103
E 330 332 103
E 331 332 209
E 90 333 102
E 252 333 103
E 324 333 105
E 91 334 102
E 253 334 108
E 325 334 208
E 333 334 106
E 92 335 106
E 254 335 107
E 326 335 101
E 333 335 107
E 334 335 107
E 93 336 103
E 255 336 102
E 327 336 101
E 333 336 102
E 94 337 106
E 256 337 109
E 328 337 208
E 334 337 101
E 336 337 101
E 95 338 108
E 257 338 104
E 329 338 106
E 335 338 105
E 336 338 109
E 337 338 107
E 96 339 108
E 258 339 110
E 330 339 101
E 333 339 104
E 336 339 105
E 97 340 110
E 259 340 102
E 331 340 204
E 334 340 103
E 337 340 110
E 339 340 106
E 98 341 107
E 260 341 202
E 332 341 103
E 335 341 103
E 338 341 103
E 339 341 102
E 340 341 109
E 99 342 105
E 261 342 103
E 324 342 109
E 333 342 107
E 100 343 207
E 262 343 109
E 325 343 209
E 334 343 104
E 342 343 101
E 101 344 104
E 263 344 204
E 326 344 108
E 335 344 105
E 342 344 102
E 343 344 109
E 102 345 106
E 264 345 209
E 327 345 109
E 336 345 106
E 342 345 108
E 103 346 106
E 265 346 103
E 328 346 206
E 337 346 104
E 343 346 105
E 345 346 109
E 104 347 108
E 266 347 102
E 329 347 102
E 338 347 103
E 344 347 109
E 345 347 102
E 346 347 105
E 105 348 209
E 267 348 108
E 330 348 110
E 339 348 107
E 342 348 105
E 345 348 105
E 106 349 210
E 268 349 206
E 331 349 308
E 340 349 201
E 343 349 207
E 346 349 202
E 348 349 203
E 107 350 204
E 269 350 110
E 332 350 104
E 341 350 106
E 344 350 106
E 347 350 101
E 348 350 108
E 349 350 204
E 108 351 206
E 270 351 109
E 324 351 106
E 109 352 101
E 271 352 109
E 325 352 206
E 351 352 104
E 110 353 204
E 272 353 109
E 326 353 106
E 351 353 106
E 352 353 106
E 111 354 204
E 273 354 104
E 327 354 108
E 351 354 110
E 112 355 108
E 274 355 105
E 328 355 206
E 352 355 105
E 354 355 102
E 113 356 202
E 275 356 103
E 329 356 103
E 353 356 106
E 354 356 101
E 355 356 105
E 114 357 103
E 276 357 109
E 330 357 107
E 351 357 109
E 354 357 106
E 115 358 110
E 277 358 103
E 331 358 205
E 352 358 108
E 355 358 106
E 357 358 109
E 116 359 110
E 278 359 101
E 332 359 105
E 353 359 104
E 356 359 107
E 357 359 110
E 358 359 101
E 117 360 104
E 279 360 107
E 333 360 102
E 351 360 103
E 118 361 102
E 280 361 210
E 334 361 104
E 352 361 103
E 360 361 103
E 119 362 106
E 281 362 110
E 335 362 106
E 353 362 103
E 360 362 103
E 361 362 107
E 120 363 110
E 282 363 105
E 336 363 107
E 354 363 103
E 360 363 107
E 121 364 109
E 283 364 104
E 337 364 103
E 355 364 105
E 361 364 101
E 363 364 102
E 122 365 303
E 284 365 206
E 338 365 204
E 356 365 208
E 362 365 205
E 363 365 205
E 364 365 210
E 123 366 102
E 285 366 104
E 339 366 108
E 357 366 105
E 360 366 103
E 363 366 104
E 124 367 110
E 286 367 108
E 340 367 108
E 358 367 106
E 361 367 107
E 364 367 110
E 366 367 108
E 125 368 110
E 287 368 106
E 341 368 102
E 359 368 103
E 362 368 110
E 365 368 204
E 366 368 109
E 367 368 103
E 126 369 201
E 288 369 208
E 342 369 210
E 351 369 201
E 360 369 203
E 127 370 109
E 289 370 104
E 343 370 107
E 352 370 104
E 361 370 101
E 369 370 202
E 128 371 104
E 290 371 105
E 344 371 104
E 353 371 102
E 362 371 109
E 369 371 202
E 370 371 102
E 129 372 106
E 291 372 206
E 345 372 104
E 354 372 104
E 363 372 102
E 369 372 208
E 130 373 107
E 292 373 107
E 346 373 106
E 355 373 102
E 364 373 108
E 370 373 103
E 372 373 101
E 131 374 210
E 293 374 208
E 347 374 201
E 356 374 202
E 365 374 309
E 371 374 202
E 372 374 204
E 373 374 210
E 132 375 103
E 294 375 102
E 348 375 105
E 357 375 109
E 366 375 109
E 369 375 209
E 372 375 108
E 133 376 103
E 295 376 103
E 349 376 202
E 358 376 108
E 367 376 102
E 370 376 103
E 373 376 104
E 375 376 107
E 134 377 103
E 296 377 110
E 350 377 105
E 359 377 108
E 368 377 101
E 371 377 110
E 374 377 204
E 375 377 106
E 376 377 104
E 135 378 101
E 297 378 203
E 324 378 109
E 351 378 104
E 136 379 110
E 298 379 101
E 325 379 203
E 352 379 108
E 378 379 106
E 137 380 104
E 299 380 107
E 326 380 107
E 353 380 101
E 378 380 108
E 379 380 105
E 138 381 105
E 300 381 105
E 327 381 108
E 354 381 108
E 378 381 101
E 139 382 108
E 301 382 102
E 328 382 208
E 355 382 104
E 379 382 106
E 381 382 102
E 140 383 106
E 302 383 209
E 329 383 104
E 356 383 110
E 380 383 106
E 381 383 106
E 382 383 105
E 141 384 107
E 303 384 109
E 330 384 101
E 357 384 102
E 378 384 105
E 381 384 101
E 142 385 202
E 304 385 105
E 331 385 207
E 358 385 106
E 379 385 101
E 382 385 107
E 384 385 103
E 143 386 101
E 305 386 103
E 332 386 106
E 359 386 106
E 380 386 109
E 383 386 107
E 384 386 110
E 385 386 110
E 144 387 108
E 306 387 110
E 333 387 106
E 360 387 101
E 378 387 105
E 145 388 202
E 307 388 109
E 334 388 109
E 361 388 106
E 379 388 109
E 387 388 104
E 146 389 104
E 308 389 108
E 335 389 104
E 362 389 104
E 380 389 108
E 387 389 102
E 388 389 106
E 147 390 104
E 309 390 109
E 336 390 106
E 363 390 107
E 381 390 104
E 387 390 105
E 148 391 110
E 310 391 106
E 337 391 108
E 364 391 102
E 382 391 107
E 388 391 107
E 390 391 106
E 149 392 103
E 311 392 101
E 338 392 102
E 365 392 205
E 383 392 110
E 389 392 102
E 390 392 105
E 391 392 105
E 150 393 209
E 312 393 202
E 339 393 203
E 366 393 202
E 384 393 208
E 387 393 201
E 390 393 208
E 151 394 108
E 313 394 108
E 340 394 103
E 367 394 103
E 385 394 106
E 388 394 103
E 391 394 102
E 393 394 210
E 152 395 102
E 314 395 103
E 341 395 104
E 368 395 109
E 386 395 105
E 389 395 105
E 392 395 106
E 393 395 206
E 394 395 109
E 153 396 109
E 315 396 108
E 342 396 102
E 369 396 204
E 378 396 102
E 387 396 107
E 154 397 104
E 316 397 102
E 343 397 108
E 370 397 106
E 379 397 108
E 388 397 104
E 396 397 109
E 155 398 205
E 317 398 203
E 344 398 202
E 371 398 207
E 380 398 207
E 389 398 205
E 396 398 206
E 397 398 210
E 156 399 202
E 318 399 205
E 345 399 202
E 372 399 201
E 381 399 209
E 390 399 204
E 396 399 202
E 157 400 110
E 319 400 110
E 346 400 102
E 373 400 105
E 382 400 108
E 391 400 110
E 397 400 104
E 399 400 202
E 158 401 102
E 320 401 104
E 347 401 102
E 374 401 206
E 383 401 107
E 392 401 106
E 398 401 207
E 399 401 203
E 400 401 109
E 159 402 104
E 321 402 105
E 348 402 109
E 375 402 106
E 384 402 103
E 393 402 204
E 396 402 102
E 399 402 205
E 160 403 110
E 322 403 210
E 349 403 209
E 376 403 106
E 385 403 110
E 394 403 103
E 397 403 107
E 400 403 104
E 402 403 105
E 161 404 108
E 323 404 102
E 350 404 101
E 377 404 103
E 386 404 104
E 395 404 101
E 398 404 201
E 401 404 104
E 402 404 108
E 403 404 109
E 162 405 103
E 243 405 106
E 324 405 107
E 163 406 105
E 244 406 107
E 325 406 208
E 405 406 105
E 164 407 207
E 245 407 109
E 326 407 103
E 405 407 102
E 406 407 105
E 165 408 207
E 246 408 101
E 327 408 108
E 405 408 109
E 166 409 102
E 247 409 103
E 328 409 201
E 406 409 102
E 408 409 110
E 167 410 109
E 248 410 103
E 329 410 107
E 407 410 108
E 408 410 102
E 409 410 104
E 168 411 106
E 249 411 104
E 330 411 105
E 405 411 103
E 408 411 109
E 169 412 107
E 250 412 105
E 331 412 208
E 406 412 106
E 409 412 105
E 411 412 110
E 170 413 106
E 251 413 106
E 332 413 104
E 407 413 101
E 410 413 104
E 411 413 108
E 412 413 110
E 171 414 304
E 252 414 203
E 333 414 207
E 405 414 210
E 172 415 102
E 253 415 106
E 334 415 109
E 406 415 102
E 414 415 206
E 173 416 108
E 254 416 108
E 335 416 108
E 407 416 109
E 414 416 206
E 415 416 103
E 174 417 103
E 255 417 108
E 336 417 109
E 408 417 101
E 414 417 204
E 175 418 104
E 256 418 102
E 337 418 102
E 409 418 109
E 415 418 109
E 417 418 108
E 176 419 106
E 257 419 101
E 338 419 109
E 410 419 105
E 416 419 101
E 417 419 101
E 418 419 103
E 177 420 109
E 258 420 104
E 339 420 104
E 411 420 102
E 414 420 206
E 417 420 104
E 178 421 107
E 259 421 108
E 340 421 110
E 412 421 108
E 415 421 101
E 418 421 109
E 420 421 102
E 179 422 109
E 260 422 208
E 341 422 104
E 413 422 103
E 416 422 109
E 419 422 109
E 420 422 103
E 421 422 101
E 180 423 110
E 261 423 102
E 342 423 107
E 405 423 110
E 414 423 202
E 181 424 107
E 262 424 109
E 343 424 106
E 406 424 105
E 415 424 105
E 423 424 109
E 182 425 106
E 263 425 210
E 344 425 105
E 407 425 105
E 416 425 107
E 423 425 107
E 424 425 110
E 183 426 106
E 264 426 207
E 345 426 102
E 408 426 102
E 417 426 104
E 423 426 103
E 184 427 103
E 265 427 102
E 346 427 106
E 409 427 104
E 418 427 110
E 424 427 102
E 426 427 107
E 185 428 102
E 266 428 106
E 347 428 101
E 410 428 110
E 419 428 108
E 425 428 101
E 426 428 105
E 427 428 110
E 186 429 103
E 267 429 107
E 348 429 103
E 411 429 107
E 420 429 103
E 423 429 109
E 426 429 105
E 187 430 206
E 268 430 204
E 349 430 301
E 412 430 210
E 421 430 205
E 424 430 210
E 427 430 208
E 429 430 203
E 188 431 109
E 269 431 101
E 350 431 103
E 413 431 108
E 422 431 101
E 425 431 106
E 428 431 104
E 429 431 109
E 430 431 210
E 189 432 102
E 270 432 106
E 351 432 105
E 405 432 109
E 190 433 108
E 271 433 110
E 352 433 102
E 406 433 108
E 432 433 104
E 191 434 110
E 272 434 102
E 353 434 102
E 407 434 104
E 432 434 101
E 433 434 103
E 192 435 106
E 273 435 107
E 354 435 103
E 408 435 108
E 432 435 110
E 193 436 110
E 274 436 107
E 355 436 102
E 409 436 110
E 433 436 106
E 435 436 108
E 194 437 106
E 275 437 103
E 356 437 102
E 410 437 101
E 434 437 105
E 435 437 104
E 436 437 109
E 195 438 209
E 276 438 202
E 357 438 206
E 411 438 205
E 432 438 210
E 435 438 210
E 196 439 201
E 277 439 208
E 358 439 203
E 412 439 206
E 433 439 202
E 436 439 206
E 438 439 307
E 197 440 203
E 278 440 202
E 359 440 209
E 413 440 205
E 434 440 204
E 437 440 203
E 439 440 304
E 198 441 101
E 279 441 104
E 360 441 106
E 414 441 208
E 432 441 104
E 199 442 107
E 280 442 201
E 361 442 107
E 415 442 101
E 433 442 103
E 441 442 103
E 200 443 105
E 281 443 108
E 362 443 105
E 416 443 108
E 434 443 103
E 441 443 110
E 442 443 103
E 201 444 103
E 282 444 110
E 363 444 109
E 417 444 104
E 435 444 107
E 441 444 107
E 202 445 106
E 283 445 109
E 364 445 102
E 418 445 104
E 436 445 109
E 442 445 105
E 444 445 105
E 203 446 105
E 284 446 110
E 365 446 204
E 419 446 102
E 437 446 108
E 443 446 106
E 444 446 105
E 445 446 105
E 204 447 105
E 285 447 108
E 366 447 105
E 420 447 109
E 438 447 210
E 441 447 106
E 444 447 105
E 205 448 109
E 286 448 110
E 367 448 104
E 421 448 106
E 439 448 202
E 442 448 106
E 445 448 107
E 447 448 109
E 206 449 107
E 287 449 108
E 368 449 110
E 422 449 109
E 440 449 207
E 443 449 110
E 446 449 108
E 447 449 108
E 448 449 101
E 207 450 109
E 288 450 101
E 369 450 209
E 423 450 107
E 432 450 107
E 441 450 103
E 208 451 205
E 289 451 108
E 370 451 104
E 424 451 106
E 433 451 108
E 442 451 103
E 450 451 107
E 209 452 105
E 290 452 108
E 371 452 104
E 425 452 110
E 434 452 106
E 443 452 109
E 450 452 104
E 451 452 105
E 210 453 105
E 291 453 205
E 372 453 108
E 426 453 102
E 435 453 101
E 444 453 102
E 450 453 109
E 211 454 202
E 292 454 102
E 373 454 107
E 427 454 109
E 436 454 106
E 445 454 105
E 451 454 110
E 453 454 109
E 212 455 108
E 293 455 105
E 374 455 206
E 428 455 105
E 437 455 107
E 446 455 103
E 452 455 101
E 453 455 106
E 454 455 105
E 213 456 107
E 294 456 106
E 375 456 101
E 429 456 107
E 438 456 203
E 447 456 105
E 450 456 103
E 453 456 110
E 214 457 206
E 295 457 107
E 376 457 107
E 430 457 205
E 439 457 206
E 448 457 108
E 451 457 104
E 454 457 103
E 456 457 102
E 215 458 104
E 296 458 101
E 377 458 106
E 431 458 109
E 440 458 203
E 449 458 107
E 452 458 104
E 455 458 110
E 456 458 105
E 457 458 103
E 216 459 101
E 297 459 207
E 378 459 106
E 405 459 102
E 432 459 106
E 217 460 106
E 298 460 103
E 379 460 101
E 406 460 108
E 433 460 109
E 459 460 102
E 218 461 108
E 299 461 101
E 380 461 101
E 407 461 105
E 434 461 103
E 459 461 104
E 460 461 106
E 219 462 207
E 300 462 108
E 381 462 101
E 408 462 108
E 435 462 105
E 459 462 110
E 220 463 107
E 301 463 105
E 382 463 107
E 409 463 109
E 436 463 110
E 460 463 110
E 462 463 103
E 221 464 101
E 302 464 210
E 383 464 107
E 410 464 103
E 437 464 108
E 461 464 102
E 462 464 109
E 463 464 102
E 222 465 109
E 303 465 106
E 384 465 101
E 411 465 102
E 438 465 203
E 459 465 106
E 462 465 105
E 223 466 102
E 304 466 101
E 385 466 102
E 412 466 105
E 439 466 207
E 460 466 102
E 463 466 106
E 465 466 102
E 224 467 108
E 305 467 108
E 386 467 104
E 413 467 108
E 440 467 206
E 461 467 103
E 464 467 102
E 465 467 106
E 466 467 101
E 225 468 104
E 306 468 109
E 387 468 110
E 414 468 202
E 441 468 107
E 459 468 106
E 226 469 103
E 307 469 108
E 388 469 106
E 415 469 102
E 442 469 102
E 460 469 105
E 468 469 106
E 227 470 103
E 308 470 108
E 389 470 106
E 416 470 108
E 443 470 103
E 461 470 110
E 468 470 110
E 469 470 105
E 228 471 104
E 309 471 110
E 390 471 102
E 417 471 110
E 444 471 103
E 462 471 101
E 468 471 103
E 229 472 208
E 310 472 206
E 391 472 201
E 418 472 207
E 445 472 204
E 463 472 201
E 469 472 206
E 471 472 204
E 230 473 103
E 311 473 110
E 392 473 103
E 419 473 101
E 446 473 101
E 464 473 103
E 470 473 103
E 471 473 101
E 472 473 204
E 231 474 106
E 312 474 106
E 393 474 201
E 420 474 104
E 447 474 110
E 465 474 108
E 468 474 109
E 471 474 102
E 232 475 108
E 313 475 102
E 394 475 110
E 421 475 108
E 448 475 104
E 466 475 108
E 469 475 108
E 472 475 204
E 474 475 108
E 233 476 203
E 314 476 109
E 395 476 102
E 422 476 109
E 449 476 104
E 467 476 108
E 470 476 105
E 473 476 106
E 474 476 110
E 475 476 107
E 234 477 101
E 315 477 103
E 396 477 108
E 423 477 110
E 450 477 103
E 459 477 103
E 468 477 108
E 235 478 105
E 316 478 102
E 397 478 102
E 424 478 110
E 451 478 108
E 460 478 109
E 469 478 107
E 477 478 101
E 236 479 209
E 317 479 209
E 398 479 306
E 425 479 210
E 452 479 210
E 461 479 209
E 470 479 207
E 477 479 206
E 478 479 209
E 237 480 110
E 318 480 104
E 399 480 204
E 426 480 106
E 453 480 110
E 462 480 108
E 471 480 105
E 477 480 103
E 238 481 105
E 319 481 104
E 400 481 103
E 427 481 102
E 454 481 109
E 463 481 108
E 472 481 204
E 478 481 102
E 480 481 108
E 239 482 107
E 320 482 107
E 401 482 102
E 428 482 103
E 455 482 105
E 464 482 102
E 473 482 107
E 479 482 203
E 480 482 104
E 481 482 109
E 240 483 105
E 321 483 103
E 402 483 108
E 429 483 106
E 456 483 105
E 465 483 105
E 474 483 110
E 477 483 110
E 480 483 103
E 241 484 107
E 322 484 202
E 403 484 110
E 430 484 205
E 457 484 110
E 466 484 108
E 475 484 108
E 478 484 110
E 481 484 101
E 483 484 102
E 242 485 108
E 323 485 105
E 404 485 108
E 431 485 102
E 458 485 109
E 467 485 110
E 476 485 107
E 479 485 205
E 482 485 101
E 483 485 110
E 484 485 110
E 0 486 101
E 243 486 107
E 1 487 104
E 244 487 104
E 486 487 107
E 2 488 203
E 245 488 109
E 486 488 109
E 487 488 101
E 3 489 107
E 246 489 110
E 486 489 103
E 4 490 108
E 247 490 104
E 487 490 103
E 489 490 102
E 5 491 109
E 248 491 110
E 488 491 105
E 489 491 101
E 490 491 109
E 6 492 201
E 249 492 208
E 486 492 206
E 489 492 201
E 7 493 103
E 250 493 106
E 487 493 102
E 490 493 102
E 492 493 207
E 8 494 110
E 251 494 108
E 488 494 109
E 491 494 101
E 492 494 206
E 493 494 102
E 9 495 107
E 252 495 102
E 486 495 107
E 10 496 109
E 253 496 110
E 487 496 109
E 495 496 103
E 11 497 105
E 254 497 103
E 488 497 102
E 495 497 103
E 496 497 109
E 12 498 106
E 255 498 110
E 489 498 106
E 495 498 101
E 13 499 201
E 256 499 107
E 490 499 108
E 496 499 101
E 498 499 107
E 14 500 105
E 257 500 105
E 491 500 108
E 497 500 109
E 498 500 106
E 499 500 107
E 15 501 110
E 258 501 108
E 492 501 207
E 495 501 109
E 498 501 103
E 16 502 207
E 259 502 102
E 493 502 103
E 496 502 105
E 499 502 106
E 501 502 106
E 17 503 105
E 260 503 205
E 494 503 106
E 497 503 107
E 500 503 110
E 501 503 105
E 502 503 105
E 18 504 102
E 261 504 107
E 486 504 105
E 495 504 108
E 19 505 204
E 262 505 201
E 487 505 201
E 496 505 202
E 504 505 202
E 20 506 110
E 263 506 201
E 488 506 110
E 497 506 108
E 504 506 108
E 505 506 201
E 21 507 104
E 264 507 209
E 489 507 110
E 498 507 101
E 504 507 103
E 22 508 110
E 265 508 109
E 490 508 105
E 499 508 109
E 505 508 208
E 507 508 107
E 23 509 110
E 266 509 105
E 491 509 104
E 500 509 109
E 506 509 104
E 507 509 110
E 508 509 107
E 24 510 103
E 267 510 102
E 492 510 203
E 501 510 106
E 504 510 106
E 507 510 110
E 25 511 103
E 268 511 110
E 493 511 101
E 502 511 101
E 505 511 205
E 508 511 103
E 510 511 105
E 26 512 104
E 269 512 104
E 494 512 110
E 503 512 105
E 506 512 108
E 509 512 101
E 510 512 104
E 511 512 105
E 27 513 109
E 270 513 103
E 486 513 105
E 28 514 104
E 271 514 108
E 487 514 109
E 513 514 106
E 29 515 201
E 272 515 110
E 488 515 101
E 513 515 108
E 514 515 104
E 30 516 105
E 273 516 105
E 489 516 101
E 513 516 101
E 31 517 209
E 274 517 207
E 490 517 201
E 514 517 210
E 516 517 202
E 32 518 102
E 275 518 107
E 491 518 103
E 515 518 104
E 516 518 109
E 517 518 204
E 33 519 105
E 276 519 109
E 492 519 205
E 513 519 103
E 516 519 104
E 34 520 109
E 277 520 108
E 493 520 103
E 514 520 106
E 517 520 210
E 519 520 108
E 35 521 107
E 278 521 103
E 494 521 106
E 515 521 102
E 518 521 105
E 519 521 105
E 520 521 102
E 36 522 104
E 279 522 101
E 495 522 109
E 513 522 106
E 37 523 107
E 280 523 206
E 496 523 106
E 514 523 108
E 522 523 105
E 38 524 103
E 281 524 105
E 497 524 110
E 515 524 101
E 522 524 106
E 523 524 102
E 39 525 207
E 282 525 209
E 498 525 208
E 516 525 208
E 522 525 207
E 40 526 101
E 283 526 104
E 499 526 104
E 517 526 207
E 523 526 110
E 525 526 203
E 41 527 106
E 284 527 109
E 500 527 101
E 518 527 108
E 524 527 105
E 525 527 202
E 526 527 101
E 42 528 206
E 285 528 102
E 501 528 104
E 519 528 109
E 522 528 104
E 525 528 205
E 43 529 102
E 286 529 110
E 502 529 105
E 520 529 106
E 523 529 110
E 526 529 102
E 528 529 108
E 44 530 102
E 287 530 104
E 503 530 103
E 521 530 101
E 524 530 104
E 527 530 109
E 528 530 104
E 529 530 109
E 45 531 108
E 288 531 107
E 504 531 108
E 513 531 104
E 522 531 101
E 46 532 101
E 289 532 108
E 505 532 207
E 514 532 104
E 523 532 110
E 531 532 108
E 47 533 103
E 290 533 105
E 506 533 105
E 515 533 108
E 524 533 103
E 531 533 107
E 532 533 105
E 48 534 107
E 291 534 207
E 507 534 102
E 516 534 101
E 525 534 208
E 531 534 110
E 49 535 101
E 292 535 108
E 508 535 107
E 517 535 205
E 526 535 108
E 532 535 104
E 534 535 106
E 50 536 110
E 293 536 107
E 509 536 108
E 518 536 108
E 527 536 104
E 533 536 109
E 534 536 106
E 535 536 109
E 51 537 101
E 294 537 103
E 510 537 109
E 519 537 104
E 528 537 103
E 531 537 104
E 534 537 106
E 52 538 110
E 295 538 110
E 511 538 107
E 520 538 110
E 529 538 108
E 532 538 105
E 535 538 110
E 537 538 110
E 53 539 207
E 296 539 204
E 512 539 203
E 521 539 208
E 530 539 207
E 533 539 201
E 536 539 207
E 537 539 205
E 538 539 207
E 54 540 108
E 297 540 204
E 486 540 110
E 513 540 102
E 55 541 102
E 298 541 105
E 487 541 104
E 514 541 104
E 540 541 106
E 56 542 110
E 299 542 103
E 488 542 101
E 515 542 110
E 540 542 108
E 541 542 104
E 57 543 104
E 300 543 102
E 489 543 102
E 516 543 108
E 540 543 103
E 58 544 103
E 301 544 107
E 490 544 106
E 517 544 206
E 541 544 106
E 543 544 107
E 59 545 105
E 302 545 210
E 491 545 104
E 518 545 109
E 542 545 103
E 543 545 108
E 544 545 107
E 60 546 106
E 303 546 104
E 492 546 207
E 519 546 102
E 540 546 105
E 543 546 101
E 61 547 203
E 304 547 108
E 493 547 102
E 520 547 108
E 541 547 108
E 544 547 102
E 546 547 104
E 62 548 105
E 305 548 107
E 494 548 104
E 521 548 105
E 542 548 108
E 545 548 104
E 546 548 102
E 547 548 109
E 63 549 101
E 306 549 105
E 495 549 106
E 522 549 109
E 540 549 106
E 64 550 102
E 307 550 102
E 496 550 105
E 523 550 104
E 541 550 108
E 549 550 110
E 65 551 205
E 308 551 210
E 497 551 201
E 524 551 210
E 542 551 202
E 549 551 210
E 550 551 203
E 66 552 205
E 309 552 202
E 498 552 208
E 525 552 306
E 543 552 206
E 549 552 206
E 67 553 109
E 310 553 105
E 499 553 106
E 526 553 108
E 544 553 103
E 550 553 101
E 552 553 209
E 68 554 102
E 311 554 106
E 500 554 105
E 527 554 109
E 545 554 101
E 551 554 208
E 552 554 208
E 553 554 103
E 69 555 101
E 312 555 109
E 501 555 109
E 528 555 108
E 546 555 104
E 549 555 106
E 552 555 207
E 70 556 105
E 313 556 103
E 502 556 101
E 529 556 102
E 547 556 101
E 550 556 108
E 553 556 101
E 555 556 105
E 71 557 106
E 314 557 108
E 503 557 101
E 530 557 106
E 548 557 106
E 551 557 206
E 554 557 109
E 555 557 105
E 556 557 101
E 72 558 206
E 315 558 106
E 504 558 105
E 531 558 109
E 540 558 110
E 549 558 108
E 73 559 105
E 316 559 102
E 505 559 210
E 532 559 108
E 541 559 105
E 550 559 103
E 558 559 109
E 74 560 103
E 317 560 108
E 506 560 108
E 533 560 105
E 542 560 102
E 551 560 210
E 558 560 109
E 559 560 102
E 75 561 102
E 318 561 107
E 507 561 103
E 534 561 104
E 543 561 106
E 552 561 207
E 558 561 103
E 76 562 109
E 319 562 108
E 508 562 105
E 535 562 110
E 544 562 106
E 553 562 110
E 559 562 102
E 561 562 103
E 77 563 202
E 320 563 105
E 509 563 110
E 536 563 103
E 545 563 105
E 554 563 107
E 560 563 105
E 561 563 103
E 562 563 101
E 78 564 109
E 321 564 102
E 510 564 109
E 537 564 110
E 546 564 109
E 555 564 110
E 558 564 103
E 561 564 109
E 79 565 104
E 322 565 203
E 511 565 104
E 538 565 102
E 547 565 103
E 556 565 108
E 559 565 105
E 562 565 106
E 564 565 107
E 80 566 106
E 323 566 101
E 512 566 109
E 539 566 209
E 548 566 107
E 557 566 103
E 560 566 107
E 563 566 110
E 564 566 106
E 565 566 104
E 81 567 110
E 324 567 103
E 486 567 102
E 82 568 104
E 325 568 204
E 487 568 106
E 567 568 108
E 83 569 102
E 326 569 106
E 488 569 106
E 567 569 108
E 568 569 105
E 84 570 109
E 327 570 104
E 489 570 103
E 567 570 109
E 85 571 109
E 328 571 204
E 490 571 103
E 568 571 107
E 570 571 110
E 86 572 109
E 329 572 101
E 491 572 108
E 569 572 102
E 570 572 106
E 571 572 104
E 87 573 106
E 330 573 108
E 492 573 206
E 567 573 105
E 570 573 102
E 88 574 104
E 331 574 210
E 493 574 104
E 568 574 109
E 571 574 102
E 573 574 109
E 89 575 108
E 332 575 103
E 494 575 101
E 569 575 104
E 572 575 108
E 573 575 108
E 574 575 103
E 90 576 105
E 333 576 102
E 495 576 102
E 567 576 105
E 91 577 107
E 334 577 102
E 496 577 109
E 568 577 104
E 576 577 104
E 92 578 207
E 335 578 207
E 497 578 209
E 569 578 202
E 576 578 208
E 577 578 207
E 93 579 204
E 336 579 203
E 498 579 204
E 570 579 206
E 576 579 203
E 94 580 103
E 337 580 102
E 499 580 104
E 571 580 105
E 577 580 101
E 579 580 206
E 95 581 107
E 338 581 110
E 500 581 101
E 572 581 110
E 578 581 203
E 579 581 207
E 580 581 108
E 96 582 106
E 339 582 110
E 501 582 106
E 573 582 105
E 576 582 110
E 579 582 204
E 97 583 101
E 340 583 105
E 502 583 109
E 574 583 109
E 577 583 102
E 580 583 108
E 582 583 110
E 98 584 102
E 341 584 101
E 503 584 105
E 575 584 104
E 578 584 205
E 581 584 108
E 582 584 104
E 583 584 108
E 99 585 106
E 342 585 101
E 504 585 102
E 567 585 107
E 576 585 110
E 100 586 203
E 343 586 102
E 505 586 204
E 568 586 101
E 577 586 101
E 585 586 107
E 101 587 110
E 344 587 101
E 506 587 110
E 569 587 101
E 578 587 210
E 585 587 109
E 586 587 101
E 102 588 108
E 345 588 105
E 507 588 108
E 570 588 105
E 579 588 208
E 585 588 103
E 103 589 110
E 346 589 107
E 508 589 104
E 571 589 110
E 580 589 110
E 586 589 101
E 588 589 107
E 104 590 108
E 347 590 105
E 509 590 104
E 572 590 104
E 581 590 102
E 587 590 105
E 588 590 110
E 589 590 110
E 105 591 209
E 348 591 101
E 510 591 109
E 573 591 106
E 582 591 107
E 585 591 108
E 588 591 101
E 106 592 104
E 349 592 206
E 511 592 105
E 574 592 105
E 583 592 107
E 586 592 108
E 589 592 102
E 591 592 108
E 107 593 202
E 350 593 110
E 512 593 110
E 575 593 103
E 584 593 106
E 587 593 108
E 590 593 109
E 591 593 104
E 592 593 108
E 108 594 307
E 351 594 207
E 513 594 205
E 567 594 203
E 109 595 103
E 352 595 109
E 514 595 101
E 568 595 107
E 594 595 203
E 110 596 210
E 353 596 107
E 515 596 104
E 569 596 103
E 594 596 203
E 595 596 101
E 111 597 204
E 354 597 102
E 516 597 102
E 570 597 108
E 594 597 202
E 112 598 109
E 355 598 107
E 517 598 208
E 571 598 107
E 595 598 110
E 597 598 105
E 113 599 210
E 356 599 104
E 518 599 104
E 572 599 101
E 596 599 102
E 597 599 110
E 598 599 105
E 114 600 106
E 357 600 101
E 519 600 103
E 573 600 107
E 594 600 210
E 597 600 101
E 115 601 110
E 358 601 101
E 520 601 105
E 574 601 104
E 595 601 101
E 598 601 105
E 600 601 105
E 116 602 110
E 359 602 103
E 521 602 102
E 575 602 108
E 596 602 110
E 599 602 109
E 600 602 105
E 601 602 108
E 117 603 101
E 360 603 102
E 522 603 107
E 576 603 108
E 594 603 202
E 118 604 106
E 361 604 105
E 523 604 101
E 577 604 109
E 595 604 103
E 603 604 102
E 119 605 106
E 362 605 101
E 524 605 104
E 578 605 209
E 596 605 108
E 603 605 103
E 604 605 103
E 120 606 110
E 363 606 102
E 525 606 204
E 579 606 201
E 597 606 101
E 603 606 101
E 121 607 110
E 364 607 110
E 526 607 104
E 580 607 109
E 598 607 110
E 604 607 108
E 606 607 109
E 122 608 203
E 365 608 203
E 527 608 102
E 581 608 106
E 599 608 101
E 605 608 103
E 606 608 110
E 607 608 103
E 123 609 109
E 366 609 108
E 528 609 107
E 582 609 105
E 600 609 108
E 603 609 103
E 606 609 110
E 124 610 203
E 367 610 207
E 529 610 210
E 583 610 203
E 601 610 203
E 604 610 203
E 607 610 210
E 609 610 206
E 125 611 102
E 368 611 104
E 530 611 107
E 584 611 103
E 602 611 105
E 605 611 108
E 608 611 104
E 609 611 102
E 610 611 203
E 126 612 210
E 369 612 308
E 531 612 202
E 585 612 203
E 594 612 302
E 603 612 210
E 127 613 104
E 370 613 110
E 532 613 110
E 586 613 110
E 595 613 102
E 604 613 110
E 612 613 210
E 128 614 101
E 371 614 108
E 533 614 109
E 587 614 107
E 596 614 106
E 605 614 104
E 612 614 205
E 613 614 104
E 129 615 104
E 372 615 101
E 534 615 103
E 588 615 105
E 597 615 102
E 606 615 107
E 612 615 204
E 130 616 105
E 373 616 103
E 535 616 106
E 589 616 101
E 598 616 101
E 607 616 106
E 613 616 103
E 615 616 108
E 131 617 104
E 374 617 206
E 536 617 105
E 590 617 102
E 599 617 108
E 608 617 110
E 614 617 108
E 615 617 108
E 616 617 102
E 132 618 102
E 375 618 109
E 537 618 107
E 591 618 105
E 600 618 108
E 609 618 108
E 612 618 204
E 615 618 106
E 133 619 110
E 376 619 105
E 538 619 107
E 592 619 108
E 601 619 101
E 610 619 208
E 613 619 102
E 616 619 101
E 618 619 106
E 134 620 103
E 377 620 101
E 539 620 201
E 593 620 108
E 602 620 104
E 611 620 108
E 614 620 103
E 617 620 107
E 618 620 107
E 619 620 103
E 135 621 104
E 378 621 107
E 540 621 103
E 567 621 102
E 594 621 204
E 136 622 103
E 379 622 103
E 541 622 106
E 568 622 105
E 595 622 105
E 621 622 105
E 137 623 109
E 380 623 101
E 542 623 102
E 569 623 110
E 596 623 108
E 621 623 106
E 622 623 104
E 138 624 109
E 381 624 103
E 543 624 101
E 570 624 109
E 597 624 106
E 621 624 108
E 139 625 109
E 382 625 101
E 544 625 103
E 571 625 106
E 598 625 108
E 622 625 105
E 624 625 110
E 140 626 105
E 383 626 106
E 545 626 108
E 572 626 109
E 599 626 104
E 623 626 102
E 624 626 104
E 625 626 108
E 141 627 107
E 384 627 105
E 546 627 103
E 573 627 107
E 600 627 105
E 621 627 108
E 624 627 102
E 142 628 210
E 385 628 104
E 547 628 110
E 574 628 104
E 601 628 105
E 622 628 110
E 625 628 102
E 627 628 109
E 143 629 204
E 386 629 204
E 548 629 205
E 575 629 201
E 602 629 202
E 623 629 208
E 626 629 203
E 627 629 205
E 628 629 208
E 144 630 109
E 387 630 105
E 549 630 108
E 576 630 101
E 603 630 108
E 621 630 109
E 145 631 204
E 388 631 107
E 550 631 106
E 577 631 109
E 604 631 104
E 622 631 104
E 630 631 102
E 146 632 108
E 389 632 105
E 551 632 209
E 578 632 201
E 605 632 109
E 623 632 103
E 630 632 108
E 631 632 106
E 147 633 206
E 390 633 210
E 552 633 305
E 579 633 303
E 606 633 204
E 624 633 203
E 630 633 210
E 148 634 107
E 391 634 101
E 553 634 104
E 580 634 104
E 607 634 110
E 625 634 101
E 631 634 109
E 633 634 206
E 149 635 106
E 392 635 107
E 554 635 101
E 581 635 102
E 608 635 102
E 626 635 103
E 632 635 102
E 633 635 203
E 634 635 107
E 150 636 110
E 393 636 204
E 555 636 105
E 582 636 104
E 609 636 107
E 627 636 108
E 630 636 106
E 633 636 210
E 151 637 209
E 394 637 207
E 556 637 205
E 583 637 203
E 610 637 307
E 628 637 202
E 631 637 207
E 634 637 203
E 636 637 204
E 152 638 102
E 395 638 109
E 557 638 109
E 584 638 106
E 611 638 101
E 629 638 201
E 632 638 108
E 635 638 108
E 636 638 110
E 637 638 203
E 153 639 110
E 396 639 106
E 558 639 107
E 585 639 102
E 612 639 207
E 621 639 102
E 630 639 102
E 154 640 102
E 397 640 101
E 559 640 101
E 586 640 106
E 613 640 108
E 622 640 105
E 631 640 101
E 639 640 106
E 155 641 108
E 398 641 208
E 560 641 107
E 587 641 103
E 614 641 108
E 623 641 102
E 632 641 109
E 639 641 105
E 640 641 101
E 156 642 101
E 399 642 210
E 561 642 101
E 588 642 110
E 615 642 102
E 624 642 103
E 633 642 209
E 639 642 110
E 157 643 208
E 400 643 205
E 562 643 205
E 589 643 203
E 616 643 206
E 625 643 209
E 634 643 206
E 640 643 204
E 642 643 201
E 158 644 103
E 401 644 101
E 563 644 108
E 590 644 108
E 617 644 110
E 626 644 107
E 635 644 109
E 641 644 106
E 642 644 103
E 643 644 205
E 159 645 103
E 402 645 103
E 564 645 103
E 591 645 104
E 618 645 109
E 627 645 107
E 636 645 105
E 639 645 109
E 642 645 107
E 160 646 109
E 403 646 104
E 565 646 101
E 592 646 103
E 619 646 108
E 628 646 106
E 637 646 206
E 640 646 109
E 643 646 204
E 645 646 109
E 161 647 109
E 404 647 106
E 566 647 104
E 593 647 102
E 620 647 110
E 629 647 208
E 638 647 104
E 641 647 107
E 644 647 109
E 645 647 109
E 646 647 108
E 162 648 102
E 405 648 101
E 486 648 109
E 567 648 107
E 163 649 108
E 406 649 104
E 487 649 107
E 568 649 104
E 648 649 105
E 164 650 210
E 407 650 107
E 488 650 102
E 569 650 102
E 648 650 108
E 649 650 101
E 165 651 206
E 408 651 102
E 489 651 107
E 570 651 109
E 648 651 102
E 166 652 110
E 409 652 103
E 490 652 110
E 571 652 107
E 649 652 103
E 651 652 102
E 167 653 209
E 410 653 205
E 491 653 207
E 572 653 205
E 650 653 210
E 651 653 203
E 652 653 208
E 168 654 104
E 411 654 110
E 492 654 201
E 573 654 107
E 648 654 104
E 651 654 110
E 169 655 202
E 412 655 205
E 493 655 202
E 574 655 201
E 649 655 204
E 652 655 206
E 654 655 207
E 170 656 103
E 413 656 108
E 494 656 105
E 575 656 108
E 650 656 109
E 653 656 205
E 654 656 108
E 655 656 203
E 171 657 302
E 495 657 203
E 576 657 207
E 648 657 206
E 172 658 109
E 415 658 103
E 496 658 109
E 577 658 104
E 649 658 102
E 657 658 205
E 173 659 110
E 416 659 106
E 497 659 104
E 578 659 206
E 650 659 108
E 657 659 210
E 658 659 105
E 174 660 106
E 417 660 109
E 498 660 102
E 579 660 208
E 651 660 102
E 657 660 202
E 175 661 102
E 418 661 108
E 499 661 104
E 580 661 109
E 652 661 102
E 658 661 103
E 660 661 101
E 176 662 205
E 419 662 210
E 500 662 204
E 581 662 205
E 653 662 303
E 659 662 208
E 660 662 206
E 661 662 201
E 177 663 101
E 420 663 105
E 501 663 106
E 582 663 104
E 654 663 102
E 657 663 209
E 660 663 107
E 178 664 101
E 421 664 108
E 502 664 101
E 583 664 110
E 655 664 204
E 658 664 109
E 661 664 109
E 663 664 105
E 179 665 105
E 422 665 110
E 503 665 107
E 584 665 106
E 656 665 104
E 659 665 108
E 662 665 206
E 663 665 109
E 664 665 105
E 180 666 107
E 423 666 110
E 504 666 104
E 585 666 110
E 648 666 107
E 657 666 205
E 181 667 109
E 424 667 109
E 505 667 201
E 586 667 102
E 649 667 105
E 658 667 102
E 666 667 107
E 182 668 102
E 425 668 110
E 506 668 109
E 587 668 102
E 650 668 109
E 659 668 107
E 666 668 101
E 667 668 105
E 183 669 110
E 426 669 110
E 507 669 107
E 588 669 102
E 651 669 105
E 660 669 104
E 666 669 102
E 184 670 103
E 427 670 104
E 508 670 108
E 589 670 108
E 652 670 110
E 661 670 102
E 667 670 105
E 669 670 105
E 185 671 204
E 428 671 203
E 509 671 206
E 590 671 207
E 653 671 306
E 668 671 204
E 669 671 205
E 670 671 207
E 186 672 109
E 429 672 109
E 510 672 109
E 591 672 106
E 654 672 107
E 663 672 108
E 666 672 103
E 669 672 104
E 187 673 107
E 430 673 205
E 511 673 109
E 592 673 104
E 655 673 209
E 664 673 102
E 667 673 106
E 670 673 102
E 672 673 108
E 188 674 107
E 431 674 108
E 512 674 107
E 593 674 103
E 656 674 104
E 665 674 106
E 668 674 107
E 671 674 202
E 672 674 106
E 673 674 107
E 189 675 101
E 432 675 104
E 513 675 108
E 594 675 209
E 648 675 106
E 190 676 101
E 433 676 102
E 514 676 102
E 595 676 110
E 649 676 105
E 675 676 110
E 191 677 105
E 434 677 110
E 515 677 106
E 596 677 103
E 650 677 105
E 675 677 105
E 676 677 106
E 192 678 107
E 435 678 105
E 516 678 101
E 597 678 101
E 651 678 109
E 675 678 103
E 193 679 107
E 436 679 104
E 517 679 202
E 598 679 106
E 652 679 105
E 676 679 105
E 678 679 101
E 194 680 105
E 437 680 101
E 518 680 107
E 599 680 110
E 653 680 207
E 677 680 105
E 678 680 101
E 679 680 101
E 195 681 107
E 438 681 208
E 519 681 108
E 600 681 108
E 654 681 108
E 675 681 106
E 678 681 110
E 196 682 102
E 439 682 203
E 520 682 110
E 601 682 103
E 655 682 208
E 676 682 110
E 679 682 102
E 681 682 108
E 197 683 108
E 440 683 202
E 521 683 104
E 602 683 102
E 656 683 106
E 677 683 105
E 680 683 102
E 681 683 101
E 682 683 101
E 198 684 106
E 441 684 108
E 522 684 110
E 603 684 105
E 657 684 207
E 675 684 105
E 199 685 107
E 442 685 105
E 523 685 105
E 604 685 104
E 658 685 101
E 676 685 105
E 684 685 107
E 200 686 203
E 443 686 206
E 524 686 205
E 605 686 205
E 659 686 202
E 677 686 207
E 684 686 206
E 685 686 202
E 201 687 206
E 444 687 208
E 525 687 304
E 606 687 206
E 660 687 205
E 678 687 210
E 684 687 210
E 202 688 105
E 445 688 110
E 526 688 101
E 607 688 109
E 661 688 107
E 679 688 108
E 685 688 106
E 687 688 202
E 203 689 105
E 446 689 107
E 527 689 109
E 608 689 110
E 662 689 202
E 680 689 104
E 686 689 206
E 687 689 205
E 688 689 109
E 204 690 101
E 447 690 101
E 528 690 101
E 609 690 108
E 663 690 105
E 681 690 105
E 684 690 110
E 687 690 208
E 205 691 103
E 448 691 106
E 529 691 103
E 610 691 206
E 664 691 102
E 682 691 106
E 685 691 108
E 688 691 105
E 690 691 107
E 206 692 106
E 449 692 109
E 530 692 101
E 611 692 109
E 665 692 110
E 683 692 107
E 686 692 208
E 689 692 107
E 690 692 110
E 691 692 103
E 207 693 101
E 450 693 108
E 531 693 110
E 612 693 206
E 666 693 108
E 675 693 110
E 684 693 104
E 208 694 204
E 451 694 101
E 532 694 104
E 613 694 106
E 667 694 104
E 676 694 110
E 685 694 109
E 693 694 109
E 209 695 105
E 452 695 104
E 533 695 103
E 614 695 102
E 668 695 104
E 677 695 104
E 686 695 207
E 693 695 107
E 694 695 104
E 210 696 107
E 453 696 104
E 534 696 101
E 615 696 102
E 669 696 105
E 678 696 109
E 687 696 203
E 693 696 107
E 211 697 204
E 454 697 110
E 535 697 102
E 616 697 109
E 670 697 108
E 679 697 101
E 688 697 107
E 694 697 101
E 696 697 109
E 212 698 108
E 455 698 102
E 536 698 102
E 617 698 103
E 671 698 206
E 680 698 101
E 689 698 108
E 695 698 108
E 696 698 108
E 697 698 110
E 213 699 110
E 456 699 102
E 537 699 107
E 618 699 105
E 672 699 107
E 681 699 107
E 690 699 105
E 693 699 103
E 696 699 104
E 214 700 210
E 457 700 105
E 538 700 107
E 619 700 109
E 673 700 106
E 682 700 105
E 691 700 106
E 694 700 102
E 697 700 102
E 699 700 110
E 215 701 106
E 458 701 102
E 539 701 206
E 620 701 110
E 674 701 108
E 683 701 104
E 692 701 104
E 695 701 105
E 698 701 101
E 699 701 110
E 700 701 101
E 216 702 105
E 459 702 101
E 540 702 103
E 621 702 107
E 648 702 110
E 675 702 104
E 217 703 210
E 460 703 210
E 541 703 206
E 622 703 203
E 649 703 203
E 676 703 210
E 702 703 209
E 218 704 110
E 461 704 104
E 542 704 104
E 623 704 106
E 650 704 106
E 677 704 102
E 702 704 102
E 703 704 210
E 219 705 202
E 462 705 110
E 543 705 102
E 624 705 108
E 651 705 102
E 678 705 106
E 702 705 101
E 220 706 108
E 463 706 107
E 544 706 110
E 625 706 104
E 652 706 109
E 679 706 101
E 703 706 208
E 705 706 108
E 221 707 104
E 464 707 107
E 545 707 101
E 626 707 110
E 653 707 201
E 680 707 107
E 704 707 110
E 705 707 103
E 706 707 106
E 222 708 110
E 465 708 104
E 546 708 109
E 627 708 105
E 654 708 109
E 681 708 102
E 702 708 104
E 705 708 101
E 223 709 105
E 466 709 110
E 547 709 101
E 628 709 107
E 655 709 209
E 682 709 105
E 703 709 206
E 706 709 107
E 708 709 105
E 224 710 107
E 467 710 110
E 548 710 107
E 629 710 203
E 656 710 109
E 683 710 106
E 704 710 101
E 707 710 105
E 708 710 108
E 709 710 105
E 225 711 103
E 468 711 105
E 549 711 106
E 630 711 106
E 657 711 209
E 684 711 106
E 702 711 108
E 226 712 102
E 469 712 110
E 550 712 105
E 631 712 107
E 658 712 101
E 685 712 105
E 703 712 205
E 711 712 103
E 227 713 103
E 470 713 102
E 551 713 204
E 632 713 101
E 659 713 105
E 686 713 210
E 704 713 104
E 711 713 109
E 712 713 109
E 228 714 102
E 471 714 103
E 552 714 203
E 633 714 203
E 660 714 101
E 687 714 203
E 705 714 107
E 711 714 101
E 229 715 103
E 472 715 204
E 553 715 102
E 634 715 106
E 661 715 107
E 688 715 110
E 706 715 106
E 712 715 104
E 714 715 105
E 230 716 103
E 473 716 103
E 554 716 109
E 635 716 110
E 662 716 209
E 689 716 110
E 707 716 109
E 713 716 110
E 714 716 103
E 715 716 101
E 231 717 107
E 474 717 108
E 555 717 101
E 636 717 102
E 663 717 102
E 690 717 102
E 708 717 105
E 711 717 101
E 714 717 107
E 232 718 108
E 475 718 102
E 556 718 107
E 637 718 205
E 664 718 105
E 691 718 107
E 709 718 103
E 712 718 104
E 715 718 102
E 717 718 108
E 233 719 205
E 476 719 110
E 557 719 101
E 638 719 103
E 665 719 101
E 692 719 107
E 710 719 103
E 713 719 107
E 716 719 105
E 717 719 107
E 718 719 107
E 234 720 110
E 477 720 106
E 558 720 105
E 639 720 105
E 666 720 106
E 693 720 106
E 702 720 109
E 711 720 104
E 235 721 108
E 478 721 104
E 559 721 105
E 640 721 109
E 667 721 109
E 694 721 110
E 703 721 208
E 712 721 110
E 720 721 106
E 236 722 107
E 479 722 210
E 560 722 105
E 641 722 105
E 668 722 109
E 695 722 105
E 704 722 103
E 713 722 104
E 720 722 103
E 721 722 101
E 237 723 110
E 480 723 101
E 561 723 105
E 642 723 103
E 669 723 103
E 696 723 105
E 705 723 108
E 714 723 102
E 720 723 105
E 238 724 104
E 481 724 109
E 562 724 104
E 643 724 210
E 670 724 102
E 697 724 105
E 706 724 101
E 715 724 108
E 721 724 106
E 723 724 107
E 239 725 107
E 482 725 103
E 563 725 103
E 644 725 110
E 671 725 205
E 698 725 103
E 707 725 110
E 716 725 104
E 722 725 105
E 723 725 104
E 724 725 104
E 240 726 209
E 483 726 203
E 564 726 205
E 645 726 202
E 672 726 201
E 699 726 207
E 708 726 204
E 717 726 205
E 720 726 206
E 723 726 204
E 241 727 109
E 484 727 109
E 565 727 105
E 646 727 109
E 673 727 107
E 700 727 103
E 709 727 110
E 718 727 105
E 721 727 108
E 724 727 106
E 726 727 206
E 242 728 102
E 485 728 109
E 566 728 104
E 647 728 105
E 674 728 107
E 701 728 103
E 710 728 105
E 719 728 105
E 722 728 105
E 725 728 101
E 726 728 209
E 727 728 103
T1 29
T1 72
T1 100
T1 110
T1 122
T1 142
T1 145
T1 165
T1 214
T1 219
T1 264
T1 280
T1 297
T1 302
T1 325
T1 328
T1 331
T1 365
T1 374
T1 399
T1 414
T1 430
T1 440
T1 479
T1 525
T1 539
T1 552
T1 579
T1 610
T1 612
T1 629
T1 633
T1 643
T1 653
T1 655
T1 657
T1 671
T1 703
T2 16
T2 42
T2 61
T2 72
T2 77
T2 110
T2 164
T2 165
T2 171
T2 233
T2 302
T2 325
T2 349
T2 365
T2 369
T2 414
T2 438
T2 472
T2 479
T2 492
T2 517
T2 525
T2 552
T2 643
T2 657
T2 671

